Category,CategoryOfSequences_es,FXY1,Title_es,,FXY2,ElementName_es,ElementDescription_es,Note_es,noteIDs,Status
02,Secuencias meteorológicas comunes a los datos de superficie,302001,(Presión y cambio de presión en 3 horas),,010004,Presión,Nivel de la estación,,,Operational
02,Secuencias meteorológicas comunes a los datos de superficie,302001,(Presión y cambio de presión en 3 horas),,010051,Presión reducida al nivel medio del mar,,,,Operational
02,Secuencias meteorológicas comunes a los datos de superficie,302001,(Presión y cambio de presión en 3 horas),,010061,Cambio de presión en 3 horas,,,,Operational
02,Secuencias meteorológicas comunes a los datos de superficie,302001,(Presión y cambio de presión en 3 horas),,010063,Característica de la tendencia barométrica,,,,Operational
02,Secuencias meteorológicas comunes a los datos de superficie,302002,(Estación de gran altitud),,010004,Presión,Nivel de la estación,,,Operational
02,Secuencias meteorológicas comunes a los datos de superficie,302002,(Estación de gran altitud),,007004,Presión,Nivel de presión,,,Operational
02,Secuencias meteorológicas comunes a los datos de superficie,302002,(Estación de gran altitud),,010003,Geopotencial,Nivel de presión,,,Operational
02,Secuencias meteorológicas comunes a los datos de superficie,302002,(Estación de gran altitud),,010061,Cambios de presión en 3 horas,,,,Operational
02,Secuencias meteorológicas comunes a los datos de superficie,302002,(Estación de gran altitud),,010063,Característica de la tendencia barométrica,,,,Operational
02,Secuencias meteorológicas comunes a los datos de superficie,302003,"(Viento, temperatura, humedad, visibilidad, estado del tiempo)",,011011,Dirección del viento a 10 m,,,,Operational
02,Secuencias meteorológicas comunes a los datos de superficie,302003,"(Viento, temperatura, humedad, visibilidad, estado del tiempo)",,011012,Velocidad del viento a 10 m,,,,Operational
02,Secuencias meteorológicas comunes a los datos de superficie,302003,"(Viento, temperatura, humedad, visibilidad, estado del tiempo)",,012004,Temperatura del aire a 2 m,,,,Operational
02,Secuencias meteorológicas comunes a los datos de superficie,302003,"(Viento, temperatura, humedad, visibilidad, estado del tiempo)",,012006,Temperatura del punto de rocío a 2 m,,,,Operational
02,Secuencias meteorológicas comunes a los datos de superficie,302003,"(Viento, temperatura, humedad, visibilidad, estado del tiempo)",,013003,Humedad relativa,,,,Operational
02,Secuencias meteorológicas comunes a los datos de superficie,302003,"(Viento, temperatura, humedad, visibilidad, estado del tiempo)",,020001,Visibilidad horizontal,,,,Operational
02,Secuencias meteorológicas comunes a los datos de superficie,302003,"(Viento, temperatura, humedad, visibilidad, estado del tiempo)",,020003,Tiempo presente,,,,Operational
02,Secuencias meteorológicas comunes a los datos de superficie,302003,"(Viento, temperatura, humedad, visibilidad, estado del tiempo)",,020004,Tiempo pasado (1),,,,Operational
02,Secuencias meteorológicas comunes a los datos de superficie,302003,"(Viento, temperatura, humedad, visibilidad, estado del tiempo)",,020005,Tiempo pasado (2),,,,Operational
02,Secuencias meteorológicas comunes a los datos de superficie,302004,(Información general sobre nubes),,020010,Cubierta de nubes (total),,,,Operational
02,Secuencias meteorológicas comunes a los datos de superficie,302004,(Información general sobre nubes),,008002,Significación vertical (observaciones en,,,,Operational
02,Secuencias meteorológicas comunes a los datos de superficie,302004,(Información general sobre nubes),,020011,Nubosidad,,,,Operational
02,Secuencias meteorológicas comunes a los datos de superficie,302004,(Información general sobre nubes),,020013,Altura de la base de las nubes,,,,Operational
02,Secuencias meteorológicas comunes a los datos de superficie,302004,(Información general sobre nubes),,020012,Tipo de nubes,,,,Operational
02,Secuencias meteorológicas comunes a los datos de superficie,302004,(Información general sobre nubes),,020012,Tipo de nubes,,,,Operational
02,Secuencias meteorológicas comunes a los datos de superficie,302004,(Información general sobre nubes),,020012,Tipo de nubes,,,,Operational
02,Secuencias meteorológicas comunes a los datos de superficie,302005,(Capa de nubes),,008002,Significación vertical (observaciones en superficie),,,,Operational
02,Secuencias meteorológicas comunes a los datos de superficie,302005,(Capa de nubes),,020011,Nubosidad,,,,Operational
02,Secuencias meteorológicas comunes a los datos de superficie,302005,(Capa de nubes),,020012,Tipo de nubes,,,,Operational
02,Secuencias meteorológicas comunes a los datos de superficie,302005,(Capa de nubes),,020013,Altura de la base de las nubes,,,,Operational
02,Secuencias meteorológicas comunes a los datos de superficie,302006,(Presión y cambio de presión en 24 horas),,010004,Presión,Nivel de la estación,,,Operational
02,Secuencias meteorológicas comunes a los datos de superficie,302006,(Presión y cambio de presión en 24 horas),,010051,Presión reducida al nivel medio del mar,,,,Operational
02,Secuencias meteorológicas comunes a los datos de superficie,302006,(Presión y cambio de presión en 24 horas),,010062,Cambio de la presión en 24 horas,,,,Operational
02,Secuencias meteorológicas comunes a los datos de superficie,302006,(Presión y cambio de presión en 24 horas),,010063,Característica de la tendencia barométrica,,,,Operational
02,Secuencias meteorológicas comunes a los datos de superficie,302011,(Estación de baja altitud),,302001,Presión y cambio de presión en 3 horas,,,,Operational
02,Secuencias meteorológicas comunes a los datos de superficie,302011,(Estación de baja altitud),,302003,"Viento, temperatura, humedad, visibilidad, estado del tiempo",,,,Operational
02,Secuencias meteorológicas comunes a los datos de superficie,302011,(Estación de baja altitud),,302004,Información general sobre nubes,Capa significativa de nubes,,,Operational
02,Secuencias meteorológicas comunes a los datos de superficie,302012,(Estación de gran altitud),,302002,Estación de gran altitud,Presión y cambio de presión,,,Operational
02,Secuencias meteorológicas comunes a los datos de superficie,302012,(Estación de gran altitud),,302003,"Viento, temperatura, humedad, visibilidad, estado del tiempo",,,,Operational
02,Secuencias meteorológicas comunes a los datos de superficie,302012,(Estación de gran altitud),,302004,Información general sobre nubes,Capa significativa de nubes,,,Operational
02,Secuencias meteorológicas comunes a los datos de superficie,302013,(Informe básico de superficie),,302006,Presión y cambio de presión en 24 horas,,,,Operational
02,Secuencias meteorológicas comunes a los datos de superficie,302013,(Informe básico de superficie),,302003,"Viento, temperatura, humedad, visibilidad, estado del tiempo",,,,Operational
02,Secuencias meteorológicas comunes a los datos de superficie,302013,(Informe básico de superficie),,101000,Repetición diferida de 1 descriptor,,,,Operational
02,Secuencias meteorológicas comunes a los datos de superficie,302013,(Informe básico de superficie),,031001,Factor de repetición diferida del descriptor,,,,Operational
02,Secuencias meteorológicas comunes a los datos de superficie,302013,(Informe básico de superficie),,302005,Capa de nubes,,,,Operational
02,Secuencias meteorológicas comunes a los datos de superficie,302021,(Olas),,022001,Dirección de las olas,,,,Operational
02,Secuencias meteorológicas comunes a los datos de superficie,302021,(Olas),,022011,Período de las olas,,,,Operational
02,Secuencias meteorológicas comunes a los datos de superficie,302021,(Olas),,022021,Altura de las olas,,,,Operational
02,Secuencias meteorológicas comunes a los datos de superficie,302022,(Olas de viento),,022002,Dirección de las olas de viento,,,,Operational
02,Secuencias meteorológicas comunes a los datos de superficie,302022,(Olas de viento),,022012,Período de las olas de viento,,,,Operational
02,Secuencias meteorológicas comunes a los datos de superficie,302022,(Olas de viento),,022022,Altura de las olas de viento,,,,Operational
02,Secuencias meteorológicas comunes a los datos de superficie,302023,(Olas de mar de fondo),,022003,Dirección de las olas de mar de fondo,,,,Operational
02,Secuencias meteorológicas comunes a los datos de superficie,302023,(Olas de mar de fondo),,022013,Período de las olas de mar de fondo,,,,Operational
02,Secuencias meteorológicas comunes a los datos de superficie,302023,(Olas de mar de fondo),,022023,Altura de las olas de mar de fondo,,,,Operational
02,Secuencias meteorológicas comunes a los datos de superficie,302024,(Olas de viento y de mar de fondo),,302022,Olas de viento,,,,Operational
02,Secuencias meteorológicas comunes a los datos de superficie,302024,(Olas de viento y de mar de fondo),,101002,Repetir 1 descriptor 2 veces,,,,Operational
02,Secuencias meteorológicas comunes a los datos de superficie,302024,(Olas de viento y de mar de fondo),,302023,Olas de mar de fondo,2 sistemas de mar de fondo,,,Operational
02,Secuencias meteorológicas comunes a los datos de superficie,302031,(Información sobre la presión),,302001,Presión y cambio de presión en 3 horas,,,,Operational
02,Secuencias meteorológicas comunes a los datos de superficie,302031,(Información sobre la presión),,010062,Cambio de presión en 24 horas,,,,Operational
02,Secuencias meteorológicas comunes a los datos de superficie,302031,(Información sobre la presión),,007004,Presión,,,,Operational
02,Secuencias meteorológicas comunes a los datos de superficie,302031,(Información sobre la presión),,010009,Altura geopotencial,Nivel estándar,,,Operational
02,Secuencias meteorológicas comunes a los datos de superficie,302032,(Datos de temperatura y humedad),,007032,Altura del sensor sobre el suelo local (o la cubierta de la plataforma marina),Medición de la temperatura y la humedad,,,Operational
02,Secuencias meteorológicas comunes a los datos de superficie,302032,(Datos de temperatura y humedad),,012101,Temperatura/temperatura del aire,Escala: 2,,,Operational
02,Secuencias meteorológicas comunes a los datos de superficie,302032,(Datos de temperatura y humedad),,012103,Temperatura del punto de rocío,Escala: 2,,,Operational
02,Secuencias meteorológicas comunes a los datos de superficie,302032,(Datos de temperatura y humedad),,013003,Humedad relativa,,,,Operational
02,Secuencias meteorológicas comunes a los datos de superficie,302033,(Datos de visibilidad),,007032,Altura del sensor sobre el suelo local (o la cubierta de la plataforma marina),Medición de la visibilidad,,,Operational
02,Secuencias meteorológicas comunes a los datos de superficie,302033,(Datos de visibilidad),,020001,Visibilidad horizontal,,,,Operational
02,Secuencias meteorológicas comunes a los datos de superficie,302034,(Precipitación en las 24 horas anteriores),,007032,Altura del sensor sobre el suelo local (o la cubierta de la plataforma marina),Medición de la precipitación,,,Operational
02,Secuencias meteorológicas comunes a los datos de superficie,302034,(Precipitación en las 24 horas anteriores),,013023,Precipitación total en las 24 horas anteriores,,,,Operational
02,Secuencias meteorológicas comunes a los datos de superficie,302035,(Datos sinópticos básicos “instantáneos”),,302032,Datos de temperatura y humedad,,,,Operational
02,Secuencias meteorológicas comunes a los datos de superficie,302035,(Datos sinópticos básicos “instantáneos”),,302033,Datos de visibilidad,,,,Operational
02,Secuencias meteorológicas comunes a los datos de superficie,302035,(Datos sinópticos básicos “instantáneos”),,302034,Precipitación en las 24 horas anteriores,,,,Operational
02,Secuencias meteorológicas comunes a los datos de superficie,302035,(Datos sinópticos básicos “instantáneos”),,007032,Altura del sensor sobre el suelo local (o la cubierta de la plataforma marina),Fijar en faltante (anular),,,Operational
02,Secuencias meteorológicas comunes a los datos de superficie,302035,(Datos sinópticos básicos “instantáneos”),,302004,Información general sobre nubes,,,,Operational
02,Secuencias meteorológicas comunes a los datos de superficie,302035,(Datos sinópticos básicos “instantáneos”),,101000,Repetición diferida de 1 descriptor,,,,Operational
02,Secuencias meteorológicas comunes a los datos de superficie,302035,(Datos sinópticos básicos “instantáneos”),,031001,Factor de repetición diferida del descriptor,,,,Operational
02,Secuencias meteorológicas comunes a los datos de superficie,302035,(Datos sinópticos básicos “instantáneos”),,302005,Capa de nubes,Capa o masa nubosa individual,,,Operational
02,Secuencias meteorológicas comunes a los datos de superficie,302036,(Nubes con bases por debajo del nivel de la estación),,105000,Repetición diferida de 5 descriptores,,,,Operational
02,Secuencias meteorológicas comunes a los datos de superficie,302036,(Nubes con bases por debajo del nivel de la estación),,031001,Factor de repetición diferida del descriptor,,,,Operational
02,Secuencias meteorológicas comunes a los datos de superficie,302036,(Nubes con bases por debajo del nivel de la estación),,008002,Significación vertical (observaciones en superficie),,,,Operational
02,Secuencias meteorológicas comunes a los datos de superficie,302036,(Nubes con bases por debajo del nivel de la estación),,020011,Nubosidad,,,,Operational
02,Secuencias meteorológicas comunes a los datos de superficie,302036,(Nubes con bases por debajo del nivel de la estación),,020012,Tipo de nubes,,,,Operational
02,Secuencias meteorológicas comunes a los datos de superficie,302036,(Nubes con bases por debajo del nivel de la estación),,020014,Altura de la cima de las nubes,,,,Operational
02,Secuencias meteorológicas comunes a los datos de superficie,302036,(Nubes con bases por debajo del nivel de la estación),,020017,Descripción de la cima de las nubes,,,,Operational
02,Secuencias meteorológicas comunes a los datos de superficie,302037,"(Estado del suelo, espesor de la nieve, temperatura mínima del suelo)",,020062,Estado del suelo (con o sin nieve),,,,Operational
02,Secuencias meteorológicas comunes a los datos de superficie,302037,"(Estado del suelo, espesor de la nieve, temperatura mínima del suelo)",,013013,Espesor total de la nieve,,,,Operational
02,Secuencias meteorológicas comunes a los datos de superficie,302037,"(Estado del suelo, espesor de la nieve, temperatura mínima del suelo)",,012113,Temperatura mínima del suelo en las 12 horas anteriores,Escala: 2,,,Operational
02,Secuencias meteorológicas comunes a los datos de superficie,302038,(Tiempo presente y pasado),,020003,Tiempo presente,,,,Operational
02,Secuencias meteorológicas comunes a los datos de superficie,302038,(Tiempo presente y pasado),,004024,Período o desplazamiento de tiempo,Horas,,,Operational
02,Secuencias meteorológicas comunes a los datos de superficie,302038,(Tiempo presente y pasado),,020004,Tiempo pasado (1),,,,Operational
02,Secuencias meteorológicas comunes a los datos de superficie,302038,(Tiempo presente y pasado),,020005,Tiempo pasado (2),,,,Operational
02,Secuencias meteorológicas comunes a los datos de superficie,302039,(Tiempo presente y pasado),,004024,(Datos de insolación (de 1 hora a períodos de 24 horas)) Período o desplazamiento de tiempo,Horas,,,Operational
02,Secuencias meteorológicas comunes a los datos de superficie,302039,(Tiempo presente y pasado),,014031,Insolación total,,,,Operational
02,Secuencias meteorológicas comunes a los datos de superficie,302040,(Medición de la precipitación),,007032,Altura del sensor sobre el suelo local (o la cubierta de la plataforma marina),Medición de la precipitación,,,Operational
02,Secuencias meteorológicas comunes a los datos de superficie,302040,(Medición de la precipitación),,102002,Repetir 2 descriptores 2 veces,,,,Operational
02,Secuencias meteorológicas comunes a los datos de superficie,302040,(Medición de la precipitación),,004024,Período o desplazamiento de tiempo,Horas,,,Operational
02,Secuencias meteorológicas comunes a los datos de superficie,302040,(Medición de la precipitación),,013011,Precipitación total/equivalente total en agua,,,,Operational
02,Secuencias meteorológicas comunes a los datos de superficie,302041,(Datos de temperaturas extremas),,007032,Altura del sensor sobre el suelo local (o la cubierta de la plataforma marina),Medición de la temperatura,,,Operational
02,Secuencias meteorológicas comunes a los datos de superficie,302041,(Datos de temperaturas extremas),,004024,Período o desplazamiento de tiempo,,,,Operational
02,Secuencias meteorológicas comunes a los datos de superficie,302041,(Datos de temperaturas extremas),,004024,Período o desplazamiento de tiempo,,,,Operational
02,Secuencias meteorológicas comunes a los datos de superficie,302041,(véanse las notas 1) y 2),,012111,Temperatura máxima en altura y en un período,Escala: 2,,,Operational
02,Secuencias meteorológicas comunes a los datos de superficie,302041,(véanse las notas 1) y 2),,004024,Período o desplazamiento de tiempo,,,,Operational
02,Secuencias meteorológicas comunes a los datos de superficie,302041,(véanse las notas 1) y 2),,004024,Período o desplazamiento de tiempo,,,,Operational
02,Secuencias meteorológicas comunes a los datos de superficie,302041,(véase la nota 2),,012112,Temperatura mínima en altura y en un período especificado,Escala: 2,,,Operational
02,Secuencias meteorológicas comunes a los datos de superficie,302042,(Datos de viento),,007032,Altura del sensor sobre el suelo local (o la cubierta de la plataforma marina),Medición del viento,,,Operational
02,Secuencias meteorológicas comunes a los datos de superficie,302042,(Datos de viento),,002002,Tipo de instrumentos para la medición del viento,,,,Operational
02,Secuencias meteorológicas comunes a los datos de superficie,302042,(Datos de viento),,008021,Significación temporal,= 2 promediado en el tiempo,,,Operational
02,Secuencias meteorológicas comunes a los datos de superficie,302042,(Datos de viento),,004025,Período o desplazamiento de tiempo,"= 10 minutos, o número de minutos tras un cambio significativo del viento",,,Operational
02,Secuencias meteorológicas comunes a los datos de superficie,302042,(Datos de viento),,011001,Dirección del viento,,,,Operational
02,Secuencias meteorológicas comunes a los datos de superficie,302042,(Datos de viento),,011002,Velocidad del viento,,,,Operational
02,Secuencias meteorológicas comunes a los datos de superficie,302042,(Datos de viento),,008021,Significación temporal,Valor faltante,,,Operational
02,Secuencias meteorológicas comunes a los datos de superficie,302042,(Datos de viento),,103002,Repetir 3 descriptores 2 veces,,,,Operational
02,Secuencias meteorológicas comunes a los datos de superficie,302042,(Datos de viento),,004025,Período o desplazamiento de tiempo,Minutos,,,Operational
02,Secuencias meteorológicas comunes a los datos de superficie,302042,(Datos de viento),,011043,Dirección de las ráfagas máximas de viento,,,,Operational
02,Secuencias meteorológicas comunes a los datos de superficie,302042,(Datos de viento),,011041,Velocidad de las ráfagas máximas de viento,,,,Operational
02,Secuencias meteorológicas comunes a los datos de superficie,302043,(Datos sinópticos básicos del “período”),,302038,Tiempo presente y pasado,,,,Operational
02,Secuencias meteorológicas comunes a los datos de superficie,302043,(Datos sinópticos básicos del “período”),,101002,Replicar 1 descriptor 2 veces,,,,Operational
02,Secuencias meteorológicas comunes a los datos de superficie,302043,(Datos sinópticos básicos del “período”),,302039,Datos de insolación (de 1 hora a períodos de 24 horas),,,,Operational
02,Secuencias meteorológicas comunes a los datos de superficie,302043,(Datos sinópticos básicos del “período”),,302040,Medición de la precipitación,,,,Operational
02,Secuencias meteorológicas comunes a los datos de superficie,302043,(Datos sinópticos básicos del “período”),,302041,Datos de temperaturas extremas,,,,Operational
02,Secuencias meteorológicas comunes a los datos de superficie,302043,(Datos sinópticos básicos del “período”),,302042,Datos del viento,,,,Operational
02,Secuencias meteorológicas comunes a los datos de superficie,302043,(Datos sinópticos básicos del “período”),,007032,Altura del sensor sobre el suelo local (o la cubierta de la plataforma marina),Fijar en faltante (anular),,,Operational
02,Secuencias meteorológicas comunes a los datos de superficie,302044,(Datos de evaporación),,004024,Período o desplazamiento de tiempo,Horas,,,Operational
02,Secuencias meteorológicas comunes a los datos de superficie,302044,(Datos de evaporación),,002004,Tipo de instrumento utilizado para medir la evaporación o tipo de cultivo para el que se notifica la evapotranspiración,,,,Operational
02,Secuencias meteorológicas comunes a los datos de superficie,302044,(Datos de evaporación),,013033,Evaporación/evapotranspiración,,,,Operational
02,Secuencias meteorológicas comunes a los datos de superficie,302045,(Datos de radiación (de 1 hora a períodos de 24 horas)),,004024,Período o desplazamiento de tiempo,Horas,,,Operational
02,Secuencias meteorológicas comunes a los datos de superficie,302045,(Datos de radiación (de 1 hora a períodos de 24 horas)),,014002,"Radiación de onda larga, integrada en un período especificado",,,,Operational
02,Secuencias meteorológicas comunes a los datos de superficie,302045,(Datos de radiación (de 1 hora a períodos de 24 horas)),,014004,"Radiación de onda corta, integrada en un período especificado",,,,Operational
02,Secuencias meteorológicas comunes a los datos de superficie,302045,(Datos de radiación (de 1 hora a períodos de 24 horas)),,014016,Radiación neta integrada en un período especificado,,,,Operational
02,Secuencias meteorológicas comunes a los datos de superficie,302045,(Datos de radiación (de 1 hora a períodos de 24 horas)),,014028,"Radiación solar global (gran exactitud), integrada en un período especificado",,,,Operational
02,Secuencias meteorológicas comunes a los datos de superficie,302045,(Datos de radiación (de 1 hora a períodos de 24 horas)),,014029,"Radiación solar difusa (gran exactitud), integrada en un período especificado",,,,Operational
02,Secuencias meteorológicas comunes a los datos de superficie,302045,(Datos de radiación (de 1 hora a períodos de 24 horas)),,014030,"Radiación solar directa (gran exactitud), integrada en un período especificado",,,,Operational
02,Secuencias meteorológicas comunes a los datos de superficie,302046,(Cambio de temperatura),,004024,Período o desplazamiento de tiempo,,,,Operational
02,Secuencias meteorológicas comunes a los datos de superficie,302046,(Cambio de temperatura),,004024,Período o desplazamiento de tiempo (véase la nota 3),,,,Operational
02,Secuencias meteorológicas comunes a los datos de superficie,302046,(Cambio de temperatura),,012049,Cambio de temperatura en un período especificado,,,,Operational
02,Secuencias meteorológicas comunes a los datos de superficie,302047,(Dirección de la deriva de las nubes),,102003,Replicar 2 descriptores 3 veces,,,,Operational
02,Secuencias meteorológicas comunes a los datos de superficie,302047,(Dirección de la deriva de las nubes),,008002,Significación vertical (observaciones en superficie),,,,Operational
02,Secuencias meteorológicas comunes a los datos de superficie,302047,(Dirección de la deriva de las nubes),,020054,Dirección verdadera desde donde se desplaza un fenómeno o nubes o en la cual se observan,,,,Operational
02,Secuencias meteorológicas comunes a los datos de superficie,302048,(Dirección y elevación de las nubes),,005021,Rumbo o azimut,,,,Operational
02,Secuencias meteorológicas comunes a los datos de superficie,302048,(Dirección y elevación de las nubes),,007021,Elevación,Ángulo de elevación,,,Operational
02,Secuencias meteorológicas comunes a los datos de superficie,302048,(Dirección y elevación de las nubes),,020012,Tipo de nube,,,,Operational
02,Secuencias meteorológicas comunes a los datos de superficie,302048,(Dirección y elevación de las nubes),,005021,Rumbo o azimut,Fijar en faltante (anular),,,Operational
02,Secuencias meteorológicas comunes a los datos de superficie,302048,(Dirección y elevación de las nubes),,007021,Elevación,Fijar en faltante (anular),,,Operational
02,Secuencias meteorológicas comunes a los datos de superficie,302049,(Información sobre nubes notificada con sondeos verticales),,008002,Significación vertical (observaciones en superficie),,,,Operational
02,Secuencias meteorológicas comunes a los datos de superficie,302049,(Información sobre nubes notificada con sondeos verticales),,020011,Nubosidad,Nubes bajas o medias,,,Operational
02,Secuencias meteorológicas comunes a los datos de superficie,302049,(Información sobre nubes notificada con sondeos verticales),,020013,Altura de la base de las nubes,h,,,Operational
02,Secuencias meteorológicas comunes a los datos de superficie,302049,(Información sobre nubes notificada con sondeos verticales),,020012,Tipo de nubes,Nubes bajas CL,,,Operational
02,Secuencias meteorológicas comunes a los datos de superficie,302049,(Información sobre nubes notificada con sondeos verticales),,020012,Tipo de nubes,Nubes medias CM,,,Operational
02,Secuencias meteorológicas comunes a los datos de superficie,302049,(Información sobre nubes notificada con sondeos verticales),,020012,Tipo de nubes,Nubes altas CH,,,Operational
02,Secuencias meteorológicas comunes a los datos de superficie,302049,(Información sobre nubes notificada con sondeos verticales),,008002,Significación vertical (observaciones en superficie),Fijar en faltante,,,Operational
02,Secuencias meteorológicas comunes a los datos de superficie,302050,(Observación de radiosonda en superficie),,008041,Significación de datos,= 5 desplazamiento de observación de superficie con respecto al punto de lanzamiento,,,Operational
02,Secuencias meteorológicas comunes a los datos de superficie,302050,(Observación de radiosonda en superficie),,005021,Rumbo o azimut,,,,Operational
02,Secuencias meteorológicas comunes a los datos de superficie,302050,(Observación de radiosonda en superficie),,007005,Incremento de altura,,,,Operational
02,Secuencias meteorológicas comunes a los datos de superficie,302050,(Observación de radiosonda en superficie),,202130,Cambio escala,,,,Operational
02,Secuencias meteorológicas comunes a los datos de superficie,302050,(Observación de radiosonda en superficie),,006021,Distancia,,,,Operational
02,Secuencias meteorológicas comunes a los datos de superficie,302050,(Observación de radiosonda en superficie),,202000,Cambio de escala,Anular,,,Operational
02,Secuencias meteorológicas comunes a los datos de superficie,302050,(Observación de radiosonda en superficie),,008041,Significación de datos,= 4 observación en superficie,,,Operational
02,Secuencias meteorológicas comunes a los datos de superficie,302050,(Observación de radiosonda en superficie),,201131,Cambio de anchura de datos,,,,Operational
02,Secuencias meteorológicas comunes a los datos de superficie,302050,(Observación de radiosonda en superficie),,202129,Cambio de escala,,,,Operational
02,Secuencias meteorológicas comunes a los datos de superficie,302050,(Observación de radiosonda en superficie),,002115,Tipo de equipo de observación en superficie,,,,Operational
02,Secuencias meteorológicas comunes a los datos de superficie,302050,(Observación de radiosonda en superficie),,010004,Presión,,,,Operational
02,Secuencias meteorológicas comunes a los datos de superficie,302050,(Observación de radiosonda en superficie),,002115,Tipo de equipo de observación en superficie,,,,Operational
02,Secuencias meteorológicas comunes a los datos de superficie,302050,(Observación de radiosonda en superficie),,013003,Humedad relativa,,,,Operational
02,Secuencias meteorológicas comunes a los datos de superficie,302050,(Observación de radiosonda en superficie),,202000,Cambio de escala,Anular,,,Operational
02,Secuencias meteorológicas comunes a los datos de superficie,302050,(Observación de radiosonda en superficie),,201000,Cambio de anchura de datos,Anular,,,Operational
02,Secuencias meteorológicas comunes a los datos de superficie,302050,(Observación de radiosonda en superficie),,002115,Tipo de equipo de observación en superficie,,,,Operational
02,Secuencias meteorológicas comunes a los datos de superficie,302050,(Observación de radiosonda en superficie),,011001,Dirección del viento,,,,Operational
02,Secuencias meteorológicas comunes a los datos de superficie,302050,(Observación de radiosonda en superficie),,011002,Velocidad del viento,,,,Operational
02,Secuencias meteorológicas comunes a los datos de superficie,302050,(Observación de radiosonda en superficie),,002115,Tipo de equipo de observación en superficie,,,,Operational
02,Secuencias meteorológicas comunes a los datos de superficie,302050,(Observación de radiosonda en superficie),,102002,Repetir 2 descriptores 2 veces,,,,Operational
02,Secuencias meteorológicas comunes a los datos de superficie,302050,(Observación de radiosonda en superficie),,012101,Temperatura/temperatura del aire,,,,Operational
02,Secuencias meteorológicas comunes a los datos de superficie,302050,(Observación de radiosonda en superficie),,004024,Período o desplazamiento de tiempo,Horas,,,Operational
02,Secuencias meteorológicas comunes a los datos de superficie,302050,(Observación de radiosonda en superficie),,002115,Tipo de equipo de observación en superficie,,,,Operational
02,Secuencias meteorológicas comunes a los datos de superficie,302050,(Observación de radiosonda en superficie),,012103,Temperatura del punto de rocío,,,,Operational
02,Secuencias meteorológicas comunes a los datos de superficie,302050,(Observación de radiosonda en superficie),,012102,Temperatura de bulbo húmedo,,,,Operational
02,Secuencias meteorológicas comunes a los datos de superficie,302050,(Observación de radiosonda en superficie),,101003,Repetir 1 descriptor 3 veces,,,,Operational
02,Secuencias meteorológicas comunes a los datos de superficie,302050,(Observación de radiosonda en superficie),,020012,Tipo de nubes,,,,Operational
02,Secuencias meteorológicas comunes a los datos de superficie,302050,(Observación de radiosonda en superficie),,020011,Nubosidad,,,,Operational
02,Secuencias meteorológicas comunes a los datos de superficie,302050,(Observación de radiosonda en superficie),,020013,Altura de la base de las nubes,,,,Operational
02,Secuencias meteorológicas comunes a los datos de superficie,302050,(Observación de radiosonda en superficie),,101002,Repetir 1 descriptor 2 veces,,,,Operational
02,Secuencias meteorológicas comunes a los datos de superficie,302050,(Observación de radiosonda en superficie),,020003,Tiempo presente,,,,Operational
02,Secuencias meteorológicas comunes a los datos de superficie,302051,(Observación de radiosonda en superficie),,010004,Presión,,,,Operational
02,Secuencias meteorológicas comunes a los datos de superficie,302051,(Observación de radiosonda en superficie),,010051,Presión reducida al nivel medio del mar,,,,Operational
02,Secuencias meteorológicas comunes a los datos de superficie,302051,(Observación de radiosonda en superficie),,007004,Presión,Posición vertical,,,Operational
02,Secuencias meteorológicas comunes a los datos de superficie,302051,(Observación de radiosonda en superficie),,010003,Geopotencial,,,,Operational
02,Secuencias meteorológicas comunes a los datos de superficie,302051,(Observación de radiosonda en superficie),,012004,Temperatura del aire a 2 m,,,,Operational
02,Secuencias meteorológicas comunes a los datos de superficie,302051,(Observación de radiosonda en superficie),,012051,Desviación típica de la temperatura,,,,Operational
02,Secuencias meteorológicas comunes a los datos de superficie,302051,(Observación de radiosonda en superficie),,012016,"Temperatura máxima a 2 m, en el curso de las 24 horas anteriores",,,,Operational
02,Secuencias meteorológicas comunes a los datos de superficie,302051,(Observación de radiosonda en superficie),,012017,"Temperatura mínima a 2 m, en el curso de las 24 horas anteriores",,,,Operational
02,Secuencias meteorológicas comunes a los datos de superficie,302051,(Observación de radiosonda en superficie),,013004,Presión del vapor,,,,Operational
02,Secuencias meteorológicas comunes a los datos de superficie,302051,(Observación de radiosonda en superficie),,102004,Repetir 2 descriptores 4 veces,,,,Operational
02,Secuencias meteorológicas comunes a los datos de superficie,302051,(Observación de radiosonda en superficie),,008051,Calificador del número de valores faltantes en el cálculo de estadísticas,,,,Operational
02,Secuencias meteorológicas comunes a los datos de superficie,302051,(Observación de radiosonda en superficie),,008020,Número total de valores faltantes (con relación a la acumulación o el promedio),,,,Operational
02,Secuencias meteorológicas comunes a los datos de superficie,302052,(Datos de temperatura y humedad desde buques),,007032,Altura del sensor sobre el suelo local (o la cubierta de la plataforma marina),Medición de la temperatura y la humedad,,,Operational
02,Secuencias meteorológicas comunes a los datos de superficie,302052,(Datos de temperatura y humedad desde buques),,007033,Altura del sensor sobre la superficie del agua,Medición de la temperatura,,,Operational
02,Secuencias meteorológicas comunes a los datos de superficie,302052,(Datos de temperatura y humedad desde buques),,012101,Temperatura/temperatura del aire,Escala: 2,,,Operational
02,Secuencias meteorológicas comunes a los datos de superficie,302052,(Datos de temperatura y humedad desde buques),,002039,Método de medición de la temperatura con termómetro de bulbo húmedo,,,,Operational
02,Secuencias meteorológicas comunes a los datos de superficie,302052,(Datos de temperatura y humedad desde buques),,012102,Temperatura de bulbo húmedo,Escala: 2,,,Operational
02,Secuencias meteorológicas comunes a los datos de superficie,302052,(Datos de temperatura y humedad desde buques),,012103,Temperatura del punto de rocío,Escala: 2,,,Operational
02,Secuencias meteorológicas comunes a los datos de superficie,302052,(Datos de temperatura y humedad desde buques),,013003,Humedad relativa,,,,Operational
02,Secuencias meteorológicas comunes a los datos de superficie,302053,(Datos de visibilidad desde buques),,007032,Altura del sensor sobre el suelo local (o la cubierta de la plataforma marina),Medición de la visibilidad,,,Operational
02,Secuencias meteorológicas comunes a los datos de superficie,302053,(Datos de visibilidad desde buques),,007033,Altura del sensor sobre la superficie del agua,Medición de la visibilidad,,,Operational
02,Secuencias meteorológicas comunes a los datos de superficie,302053,(Datos de visibilidad desde buques),,020001,Visibilidad horizontal,,,,Operational
02,Secuencias meteorológicas comunes a los datos de superficie,302054,(Datos “instantáneos” desde buques),,302052,Datos de temperatura y humedad desde buques,,,,Operational
02,Secuencias meteorológicas comunes a los datos de superficie,302054,(Datos “instantáneos” desde buques),,302053,Datos de visibilidad desde buques,,,,Operational
02,Secuencias meteorológicas comunes a los datos de superficie,302054,(Datos “instantáneos” desde buques),,007033,Altura del sensor sobre la superficie del agua,Fijar en faltante (anular),,,Operational
02,Secuencias meteorológicas comunes a los datos de superficie,302054,(Datos “instantáneos” desde buques),,302034,Precipitación en las 24 horas anteriores,,,,Operational
02,Secuencias meteorológicas comunes a los datos de superficie,302054,(Datos “instantáneos” desde buques),,007032,Altura del sensor sobre el suelo local (o la cubierta de la plataforma marina),Fijar en faltante (anular),,,Operational
02,Secuencias meteorológicas comunes a los datos de superficie,302054,(Datos “instantáneos” desde buques),,302004,Información general sobre nubes,,,,Operational
02,Secuencias meteorológicas comunes a los datos de superficie,302054,(Datos “instantáneos” desde buques),,101000,Repetición diferida de 1 descriptor,,,,Operational
02,Secuencias meteorológicas comunes a los datos de superficie,302054,(Datos “instantáneos” desde buques),,031001,Factor de repetición diferida del descriptor,,,,Operational
02,Secuencias meteorológicas comunes a los datos de superficie,302054,(Datos “instantáneos” desde buques),,302005,Capa de nubes,,,,Operational
02,Secuencias meteorológicas comunes a los datos de superficie,302055,(Engelamiento y hielo),,020031,Depósito de hielo (espesor),,,,Operational
02,Secuencias meteorológicas comunes a los datos de superficie,302055,(Engelamiento y hielo),,020032,Velocidad de acumulación del hielo (estimada),,,,Operational
02,Secuencias meteorológicas comunes a los datos de superficie,302055,(Engelamiento y hielo),,020033,Causa de la acumulación de hielo,,,,Operational
02,Secuencias meteorológicas comunes a los datos de superficie,302055,(Engelamiento y hielo),,020034,Concentración de hielo marino,,,,Operational
02,Secuencias meteorológicas comunes a los datos de superficie,302055,(Engelamiento y hielo),,020035,Cantidad y tipo de hielo,,,,Operational
02,Secuencias meteorológicas comunes a los datos de superficie,302055,(Engelamiento y hielo),,020036,Situación del hielo,,,,Operational
02,Secuencias meteorológicas comunes a los datos de superficie,302055,(Engelamiento y hielo),,020037,Desarrollo del hielo,,,,Operational
02,Secuencias meteorológicas comunes a los datos de superficie,302055,(Engelamiento y hielo),,020038,Rumbo del borde del hielo,,,,Operational
02,Secuencias meteorológicas comunes a los datos de superficie,302056,(Temperatura del mar/agua),,002038,Método de medición de la temperatura del agua y/o de la salinidad,,,,Operational
02,Secuencias meteorológicas comunes a los datos de superficie,302056,(Temperatura del mar/agua),,007063,Profundidad por debajo de la superficie del mar/ agua (cm),Medición de la temperatura de la superficie del mar,,,Operational
02,Secuencias meteorológicas comunes a los datos de superficie,302056,(Temperatura del mar/agua),,022043,Temperatura del mar/agua,,,,Operational
02,Secuencias meteorológicas comunes a los datos de superficie,302056,(Temperatura del mar/agua),,007063,Profundidad por debajo de la superficie del mar/agua (cm),Fijar en faltante (anular),,,Operational
02,Secuencias meteorológicas comunes a los datos de superficie,302057,(Datos marinos desde buques),,302056,Temperatura del mar/agua,"Temperatura de la superficie del mar, método de medición y profundidad bajo la superficie del mar",,,Operational
02,Secuencias meteorológicas comunes a los datos de superficie,302057,(Datos marinos desde buques),,302021,Olas,,,,Operational
02,Secuencias meteorológicas comunes a los datos de superficie,302057,(Datos marinos desde buques),,302024,Olas de viento y de mar de fondo,,,,Operational
02,Secuencias meteorológicas comunes a los datos de superficie,302058,(Datos de temperaturas extremas desde buques),,007032,Altura del sensor sobre el suelo local (o la cubierta de la plataforma marina),Medición de la temperatura,,,Operational
02,Secuencias meteorológicas comunes a los datos de superficie,302058,(Datos de temperaturas extremas desde buques),,007033,Altura del sensor sobre la superficie del agua (para la medición de la temperatura),Medición de la temperatura,,,Operational
02,Secuencias meteorológicas comunes a los datos de superficie,302058,(Datos de temperaturas extremas desde buques),,004024,Período o desplazamiento de tiempo,,,,Operational
02,Secuencias meteorológicas comunes a los datos de superficie,302058,(Datos de temperaturas extremas desde buques),,004024,Período o desplazamiento de tiempo,,,,Operational
02,Secuencias meteorológicas comunes a los datos de superficie,302058,(véanse las notas 1 y 2),,012111,Temperatura máxima en altura y en un período especificado,Escala: 2,,,Operational
02,Secuencias meteorológicas comunes a los datos de superficie,302058,(véanse las notas 1 y 2),,004024,Período o desplazamiento de tiempo,,,,Operational
02,Secuencias meteorológicas comunes a los datos de superficie,302058,(véanse las notas 1 y 2),,004024,Período o desplazamiento de tiempo (véanse las notas 1 y 2),,,,Operational
02,Secuencias meteorológicas comunes a los datos de superficie,302058,(véanse las notas 1 y 2),,012112,Temperatura mínima en altura y en un período especificado,Escala: 2,,,Operational
02,Secuencias meteorológicas comunes a los datos de superficie,302059,(Datos del viento desde buques),,007032,Altura del sensor sobre el suelo local (o la cubierta de la plataforma marina),Medición del viento,,,Operational
02,Secuencias meteorológicas comunes a los datos de superficie,302059,(Datos del viento desde buques),,007033,Altura del sensor sobre la superficie del agua,Medición del viento,,,Operational
02,Secuencias meteorológicas comunes a los datos de superficie,302059,(Datos del viento desde buques),,002002,Tipo de instrumentos para la medición del viento,,,,Operational
02,Secuencias meteorológicas comunes a los datos de superficie,302059,(Datos del viento desde buques),,008021,Significación temporal,= 2 promediado en el tiempo,,,Operational
02,Secuencias meteorológicas comunes a los datos de superficie,302059,(Datos del viento desde buques),,004025,Período o desplazamiento de tiempo,"= -10 minutos, o número de minutos tras un cambio significativo del viento",,,Operational
02,Secuencias meteorológicas comunes a los datos de superficie,302059,(Datos del viento desde buques),,011001,Dirección del viento,,,,Operational
02,Secuencias meteorológicas comunes a los datos de superficie,302059,(Datos del viento desde buques),,011002,Velocidad del viento,,,,Operational
02,Secuencias meteorológicas comunes a los datos de superficie,302059,(Datos del viento desde buques),,008021,Significación temporal,Valor faltante,,,Operational
02,Secuencias meteorológicas comunes a los datos de superficie,302059,(Datos del viento desde buques),,103002,Repetir 3 descriptores 2 veces,,,,Operational
02,Secuencias meteorológicas comunes a los datos de superficie,302059,(Datos del viento desde buques),,004025,Período o desplazamiento de tiempo,Minutos,,,Operational
02,Secuencias meteorológicas comunes a los datos de superficie,302059,(Datos del viento desde buques),,011043,Dirección de las ráfagas máximas de viento,,,,Operational
02,Secuencias meteorológicas comunes a los datos de superficie,302059,(Datos del viento desde buques),,011041,Velocidad de las ráfagas máximas de viento,,,,Operational
02,Secuencias meteorológicas comunes a los datos de superficie,302060,(Datos “del período” desde buques),,302038,Tiempo presente y pasado,,,,Operational
02,Secuencias meteorológicas comunes a los datos de superficie,302060,(Datos “del período” desde buques),,302040,Medición de la precipitación,,,,Operational
02,Secuencias meteorológicas comunes a los datos de superficie,302060,(Datos “del período” desde buques),,302058,Datos de temperaturas extremas desde buques,,,,Operational
02,Secuencias meteorológicas comunes a los datos de superficie,302060,(Datos “del período” desde buques),,302059,Datos del viento desde buques,,,,Operational
02,Secuencias meteorológicas comunes a los datos de superficie,302062,(Datos “instantáneos” desde buques),,025188,Método para reducir la presión al nivel del mar,,,,Operational
02,Secuencias meteorológicas comunes a los datos de superficie,302062,(Datos “instantáneos” desde buques),,302001,Presión y cambio de presión en 3 horas,,,,Operational
02,Secuencias meteorológicas comunes a los datos de superficie,302062,(Datos “instantáneos” desde buques),,302093,Datos ampliados de temperatura y humedad desde buques,,,,Operational
02,Secuencias meteorológicas comunes a los datos de superficie,302062,(Datos “instantáneos” desde buques),,101000,Repetición diferida de 1 descriptor,,,,Operational
02,Secuencias meteorológicas comunes a los datos de superficie,302062,(Datos “instantáneos” desde buques),,031000,Factor de repetición ligeramente diferida del descriptor,,,,Operational
02,Secuencias meteorológicas comunes a los datos de superficie,302062,(Datos “instantáneos” desde buques),,302053,Datos de visibilidad desde buques,,,,Operational
02,Secuencias meteorológicas comunes a los datos de superficie,302062,(Datos “instantáneos” desde buques),,007032,Altura del sensor sobre el suelo local (o la cubierta de la plataforma marina),Fijar en faltante (anular),,,Operational
02,Secuencias meteorológicas comunes a los datos de superficie,302062,(Datos “instantáneos” desde buques),,007033,Altura del sensor sobre la superficie del agua,Fijar en faltante (anular),,,Operational
02,Secuencias meteorológicas comunes a los datos de superficie,302062,(Datos “instantáneos” desde buques),,101000,Repetición diferida de 1 descriptor,,,,Operational
02,Secuencias meteorológicas comunes a los datos de superficie,302062,(Datos “instantáneos” desde buques),,031000,Factor de repetición ligeramente diferida del descriptor,,,,Operational
02,Secuencias meteorológicas comunes a los datos de superficie,302062,(Datos “instantáneos” desde buques),,302004,Información general sobre nubes,,,,Operational
02,Secuencias meteorológicas comunes a los datos de superficie,302062,(Datos “instantáneos” desde buques),,101000,Repetición diferida de 1 descriptor,,,,Operational
02,Secuencias meteorológicas comunes a los datos de superficie,302062,(Datos “instantáneos” desde buques),,031001,Factor de repetición diferida del descriptor,,,,Operational
02,Secuencias meteorológicas comunes a los datos de superficie,302062,(Datos “instantáneos” desde buques),,302005,Capa de nubes,,,,Operational
02,Secuencias meteorológicas comunes a los datos de superficie,302062,(Datos “instantáneos” desde buques),,008002,Significación vertical (observaciones en superficie),Fijar en faltante (anular),,,Operational
02,Secuencias meteorológicas comunes a los datos de superficie,302062,(Datos “instantáneos” desde buques),,101000,Repetición diferida de 1 descriptor,,,,Operational
02,Secuencias meteorológicas comunes a los datos de superficie,302062,(Datos “instantáneos” desde buques),,031000,Factor de repetición ligeramente diferida del descriptor,,,,Operational
02,Secuencias meteorológicas comunes a los datos de superficie,302062,(Datos “instantáneos” desde buques),,302055,Engelamiento y hielo,,,,Operational
02,Secuencias meteorológicas comunes a los datos de superficie,302062,(Datos “instantáneos” desde buques),,101000,Repetición diferida de 1 descriptor,,,,Operational
02,Secuencias meteorológicas comunes a los datos de superficie,302062,(Datos “instantáneos” desde buques),,031000,Factor de repetición ligeramente diferida del descriptor,,,,Operational
02,Secuencias meteorológicas comunes a los datos de superficie,302062,(Datos “instantáneos” desde buques),,302056,Temperatura del mar/agua,,,,Operational
02,Secuencias meteorológicas comunes a los datos de superficie,302062,(Datos “instantáneos” desde buques),,101000,Repetición diferida de 1 descriptor,,,,Operational
02,Secuencias meteorológicas comunes a los datos de superficie,302062,(Datos “instantáneos” desde buques),,031000,Factor de repetición ligeramente diferida del descriptor,,,,Operational
02,Secuencias meteorológicas comunes a los datos de superficie,302062,(Datos “instantáneos” desde buques),,302021,Olas,,,,Operational
02,Secuencias meteorológicas comunes a los datos de superficie,302062,(Datos “instantáneos” desde buques),,101000,Repetición diferida de 1 descriptor,,,,Operational
02,Secuencias meteorológicas comunes a los datos de superficie,302062,(Datos “instantáneos” desde buques),,031000,Factor de repetición ligeramente diferida del descriptor,,,,Operational
02,Secuencias meteorológicas comunes a los datos de superficie,302062,(Datos “instantáneos” desde buques),,302024,Olas de viento y de mar de fondo,,,,Operational
02,Secuencias meteorológicas comunes a los datos de superficie,302063,(Datos “del período” desde buques),,302038,Tiempo presente y pasado,,,,Operational
02,Secuencias meteorológicas comunes a los datos de superficie,302063,(Datos “del período” desde buques),,101000,Repetición diferida de 1 descriptor,,,,Operational
02,Secuencias meteorológicas comunes a los datos de superficie,302063,(Datos “del período” desde buques),,031000,Factor de repetición ligeramente diferida del descriptor,,,,Operational
02,Secuencias meteorológicas comunes a los datos de superficie,302063,(Datos “del período” desde buques),,302040,Medición de la precipitación,,,,Operational
02,Secuencias meteorológicas comunes a los datos de superficie,302063,(Datos “del período” desde buques),,101000,Repetición diferida de 1 descriptor,,,,Operational
02,Secuencias meteorológicas comunes a los datos de superficie,302063,(Datos “del período” desde buques),,031000,Factor de repetición ligeramente diferida del descriptor,,,,Operational
02,Secuencias meteorológicas comunes a los datos de superficie,302063,(Datos “del período” desde buques),,302034,Precipitación en las 24 horas anteriores,,,,Operational
02,Secuencias meteorológicas comunes a los datos de superficie,302063,(Datos “del período” desde buques),,007032,Altura del sensor sobre el suelo local (o la cubierta de la plataforma marina),Fijar en faltante (anular),,,Operational
02,Secuencias meteorológicas comunes a los datos de superficie,302063,(Datos “del período” desde buques),,101000,Repetición diferida de 1 descriptor,,,,Operational
02,Secuencias meteorológicas comunes a los datos de superficie,302063,(Datos “del período” desde buques),,031000,Factor de repetición ligeramente diferida del descriptor,,,,Operational
02,Secuencias meteorológicas comunes a los datos de superficie,302063,(Datos “del período” desde buques),,302058,Datos de temperaturas extremas desde buques,,,,Operational
02,Secuencias meteorológicas comunes a los datos de superficie,302063,(Datos “del período” desde buques),,101000,Repetición diferida de 1 descriptor,,,,Operational
02,Secuencias meteorológicas comunes a los datos de superficie,302063,(Datos “del período” desde buques),,031000,Factor de repetición ligeramente diferida del descriptor,,,,Operational
02,Secuencias meteorológicas comunes a los datos de superficie,302063,(Datos “del período” desde buques),,302064,Datos del viento desde buques u otras plataformas marinas,,,,Operational
02,Secuencias meteorológicas comunes a los datos de superficie,302064,(Datos del viento desde buques u otras plataformas marinas),,007032,Altura del sensor sobre el suelo local (o cubierta de la plataforma marina),,,,Operational
02,Secuencias meteorológicas comunes a los datos de superficie,302064,(Datos del viento desde buques u otras plataformas marinas),,007033,Altura del sensor sobre la superficie del agua,,,,Operational
02,Secuencias meteorológicas comunes a los datos de superficie,302064,(Datos del viento desde buques u otras plataformas marinas),,002002,Tipo de instrumentos para la medición del viento,,,,Operational
02,Secuencias meteorológicas comunes a los datos de superficie,302064,(Datos del viento desde buques u otras plataformas marinas),,008021,Significación temporal,= 2 promediada en el tiempo,,,Operational
02,Secuencias meteorológicas comunes a los datos de superficie,302064,(Datos del viento desde buques u otras plataformas marinas),,004025,Período o desplazamiento de tiempo,,,,Operational
02,Secuencias meteorológicas comunes a los datos de superficie,302064,(Datos del viento desde buques u otras plataformas marinas),,011001,Dirección del viento,,,,Operational
02,Secuencias meteorológicas comunes a los datos de superficie,302064,(Datos del viento desde buques u otras plataformas marinas),,011002,Velocidad del viento,,,,Operational
02,Secuencias meteorológicas comunes a los datos de superficie,302064,(Datos del viento desde buques u otras plataformas marinas),,008021,Significación temporal,Fijar en faltante (cancelar),,,Operational
02,Secuencias meteorológicas comunes a los datos de superficie,302064,(Datos del viento desde buques u otras plataformas marinas),,103000,Repetición diferida de 3 descriptores,,,,Operational
02,Secuencias meteorológicas comunes a los datos de superficie,302064,(Datos del viento desde buques u otras plataformas marinas),,031001,Factor de repetición diferida del descriptor,,,,Operational
02,Secuencias meteorológicas comunes a los datos de superficie,302064,(Datos del viento desde buques u otras plataformas marinas),,004025,Período o desplazamiento de tiempo,,,,Operational
02,Secuencias meteorológicas comunes a los datos de superficie,302064,(Datos del viento desde buques u otras plataformas marinas),,011043,Dirección de las ráfagas máximas de viento,,,,Operational
02,Secuencias meteorológicas comunes a los datos de superficie,302064,(Datos del viento desde buques u otras plataformas marinas),,011041,Velocidad de las ráfagas máximas de viento,,,,Operational
02,Secuencias meteorológicas comunes a los datos de superficie,302066,(Fenómenos meteorológicos peligrosos),,020023,Otros fenómenos meteorológicos,,,,Operational
02,Secuencias meteorológicas comunes a los datos de superficie,302066,(Fenómenos meteorológicos peligrosos),,020024,Intensidad de los fenómenos,,,,Operational
02,Secuencias meteorológicas comunes a los datos de superficie,302066,(Fenómenos meteorológicos peligrosos),,020027,Ocurrencia de los fenómenos,,,,Operational
02,Secuencias meteorológicas comunes a los datos de superficie,302066,(Fenómenos meteorológicos peligrosos),,020054,Dirección verdadera desde la cual se desplaza un fenómeno o nubes o en la cual se observan,,,,Operational
02,Secuencias meteorológicas comunes a los datos de superficie,302066,(Fenómenos meteorológicos peligrosos),,020023,Otros fenómenos meteorológicos,,,,Operational
02,Secuencias meteorológicas comunes a los datos de superficie,302066,(Fenómenos meteorológicos peligrosos),,020027,Ocurrencia de los fenómenos,,,,Operational
02,Secuencias meteorológicas comunes a los datos de superficie,302066,(Fenómenos meteorológicos peligrosos),,020054,Dirección verdadera desde la cual se desplaza un fenómeno o nubes o en la cual se observan,,,,Operational
02,Secuencias meteorológicas comunes a los datos de superficie,302066,(Fenómenos meteorológicos peligrosos),,020025,Oscurecimiento,,,,Operational
02,Secuencias meteorológicas comunes a los datos de superficie,302066,(Fenómenos meteorológicos peligrosos),,020026,Naturaleza del oscurecimiento,,,,Operational
02,Secuencias meteorológicas comunes a los datos de superficie,302066,(Fenómenos meteorológicos peligrosos),,020027,Ocurrencia de los fenómenos,,,,Operational
02,Secuencias meteorológicas comunes a los datos de superficie,302066,(Fenómenos meteorológicos peligrosos),,020040,Evolución de la ventisca de nieve,,,,Operational
02,Secuencias meteorológicas comunes a los datos de superficie,302066,(Fenómenos meteorológicos peligrosos),,020066,Diámetro máximo del granizo,,,,Operational
02,Secuencias meteorológicas comunes a los datos de superficie,302066,(Fenómenos meteorológicos peligrosos),,020027,Ocurrencia de los fenómenos,,,,Operational
02,Secuencias meteorológicas comunes a los datos de superficie,302066,(Fenómenos meteorológicos peligrosos),,020021,Tipo de precipitación,,,,Operational
02,Secuencias meteorológicas comunes a los datos de superficie,302066,(Fenómenos meteorológicos peligrosos),,020067,Diámetro del depósito,,,,Operational
02,Secuencias meteorológicas comunes a los datos de superficie,302066,(Fenómenos meteorológicos peligrosos),,020027,Ocurrencia de los fenómenos,,,,Operational
02,Secuencias meteorológicas comunes a los datos de superficie,302067,(Parámetros sinópticos adicionales),,001023,Número de secuencia de observación,,,,Operational
02,Secuencias meteorológicas comunes a los datos de superficie,302067,(Parámetros sinópticos adicionales),,004025,Período o desplazamiento de tiempo,= 0 minutos,,,Operational
02,Secuencias meteorológicas comunes a los datos de superficie,302067,(Parámetros sinópticos adicionales),,002177,Método de medición del espesor de la nieve,Véase la columna de la izquierda,,,Operational
02,Secuencias meteorológicas comunes a los datos de superficie,302067,(Parámetros sinópticos adicionales),,101000,Repetición diferida de 1 descriptor,,,,Operational
02,Secuencias meteorológicas comunes a los datos de superficie,302067,(Parámetros sinópticos adicionales),,031001,Factor de repetición diferida del descriptor,,,,Operational
02,Secuencias meteorológicas comunes a los datos de superficie,302067,(Parámetros sinópticos adicionales),,020003,Tiempo presente,"960ww, 961ww",,,Operational
02,Secuencias meteorológicas comunes a los datos de superficie,302067,(Parámetros sinópticos adicionales),,103000,Repetición diferida de 3 descriptores,,,,Operational
02,Secuencias meteorológicas comunes a los datos de superficie,302067,(Parámetros sinópticos adicionales),,031001,Factor de repetición diferida del descriptor,,,,Operational
02,Secuencias meteorológicas comunes a los datos de superficie,302067,(Parámetros sinópticos adicionales),,005021,Rumbo o azimut,981VV-988VV,,,Operational
02,Secuencias meteorológicas comunes a los datos de superficie,302067,(Parámetros sinópticos adicionales),,020001,Visibilidad horizontal,VV,,,Operational
02,Secuencias meteorológicas comunes a los datos de superficie,302067,(Parámetros sinópticos adicionales),,005021,Rumbo o azimut,Fijar en faltante (anular),,,Operational
02,Secuencias meteorológicas comunes a los datos de superficie,302067,(Parámetros sinópticos adicionales),,101000,Repetición diferida de 1 descriptor,,,,Operational
02,Secuencias meteorológicas comunes a los datos de superficie,302067,(Parámetros sinópticos adicionales),,031000,Factor de repetición ligeramente diferida del,,,,Operational
02,Secuencias meteorológicas comunes a los datos de superficie,302067,(Parámetros sinópticos adicionales),,302056,Temperatura del mar/agua,"Temperatura en la superficie del mar, método de medición y profundidad por debajo de la superficie del mar",,,Operational
02,Secuencias meteorológicas comunes a los datos de superficie,302067,(Parámetros sinópticos adicionales),,103000,Repetición diferida de 3 descriptores,,,,Operational
02,Secuencias meteorológicas comunes a los datos de superficie,302067,(Parámetros sinópticos adicionales),,031000,Factor de repetición ligeramente diferida del descriptor,,,,Operational
02,Secuencias meteorológicas comunes a los datos de superficie,302067,(Parámetros sinópticos adicionales),,033041,Atributo del valor siguiente,,,,Operational
02,Secuencias meteorológicas comunes a los datos de superficie,302067,(Parámetros sinópticos adicionales),,020058,Visibilidad hacia el mar desde una estación costera,980VsVs,,,Operational
02,Secuencias meteorológicas comunes a los datos de superficie,302067,(Parámetros sinópticos adicionales),,022061,Estado del mar,924SVss,,,Operational
02,Secuencias meteorológicas comunes a los datos de superficie,302067,(Parámetros sinópticos adicionales),,101000,Repetición diferida de 1 descriptor,,,,Operational
02,Secuencias meteorológicas comunes a los datos de superficie,302067,(Parámetros sinópticos adicionales),,031000,Factor de repetición ligeramente diferida del descriptor,,,,Operational
02,Secuencias meteorológicas comunes a los datos de superficie,302067,(Parámetros sinópticos adicionales),,302022,Olas de viento,,,,Operational
02,Secuencias meteorológicas comunes a los datos de superficie,302067,(Parámetros sinópticos adicionales),,101000,Repetición diferida de 1 descriptor,,,,Operational
02,Secuencias meteorológicas comunes a los datos de superficie,302067,(Parámetros sinópticos adicionales),,031001,Factor de repetición diferida del descriptor,,,,Operational
02,Secuencias meteorológicas comunes a los datos de superficie,302067,(Parámetros sinópticos adicionales),,302023,Olas de mar de fondo,,,,Operational
02,Secuencias meteorológicas comunes a los datos de superficie,302067,(Parámetros sinópticos adicionales),,104000,Repetición diferida de 4 descriptores,,,,Operational
02,Secuencias meteorológicas comunes a los datos de superficie,302067,(Parámetros sinópticos adicionales),,031001,Factor de repetición diferida del descriptor,,,,Operational
02,Secuencias meteorológicas comunes a los datos de superficie,302067,(Parámetros sinópticos adicionales),,020054,Dirección verdadera desde la cual se desplaza un fenómeno o nubes o en la cual se observan,"Da, Dp",,,Operational
02,Secuencias meteorológicas comunes a los datos de superficie,302067,(Parámetros sinópticos adicionales),,020137,Evolución de las nubes,940Cn3,,,Operational
02,Secuencias meteorológicas comunes a los datos de superficie,302067,(Parámetros sinópticos adicionales),,020012,Tipo de nubes,"941CDp, 943CLDp",,,Operational
02,Secuencias meteorológicas comunes a los datos de superficie,302067,(Parámetros sinópticos adicionales),,020090,Nubes especiales,993CsDa,,,Operational
02,Secuencias meteorológicas comunes a los datos de superficie,302067,(Parámetros sinópticos adicionales),,103000,Repetición diferida de 3 descriptores,,,,Operational
02,Secuencias meteorológicas comunes a los datos de superficie,302067,(Parámetros sinópticos adicionales),,031001,Factor de repetición diferida del descriptor,,,,Operational
02,Secuencias meteorológicas comunes a los datos de superficie,302067,(Parámetros sinópticos adicionales),,020054,Dirección verdadera desde la cual se desplaza un fenómeno o nubes o en la cual se observan,,,,Operational
02,Secuencias meteorológicas comunes a los datos de superficie,302067,(Parámetros sinópticos adicionales),,020137,Evolución de las nubes,,,,Operational
02,Secuencias meteorológicas comunes a los datos de superficie,302067,(Parámetros sinópticos adicionales),,020136,Tipo de nubes suplementario,"948C0Da, 949CaDa, 950Nmn3, 951Nvn4",,,Operational
02,Secuencias meteorológicas comunes a los datos de superficie,302067,(Parámetros sinópticos adicionales),,004025,Período o desplazamiento de tiempo,Período de referencia de la nieve recién caída,,,Operational
02,Secuencias meteorológicas comunes a los datos de superficie,302067,(Parámetros sinópticos adicionales),,013012,Espesor de la nieve fresca,,,,Operational
02,Secuencias meteorológicas comunes a los datos de superficie,302067,(Parámetros sinópticos adicionales),,004025,Período o desplazamiento de tiempo,= -60 minutos,,,Operational
02,Secuencias meteorológicas comunes a los datos de superficie,302067,(Parámetros sinópticos adicionales),,011042,Velocidad máxima del viento (media de 10 minutos),912ff 902tt 912ff .. obligatorio ff≥18,,,Operational
02,Secuencias meteorológicas comunes a los datos de superficie,302067,(Parámetros sinópticos adicionales),,104000,Repetición diferida de 4 descriptores,,,,Operational
02,Secuencias meteorológicas comunes a los datos de superficie,302067,(Parámetros sinópticos adicionales),,031001,Factor de repetición diferida del descriptor,,,,Operational
02,Secuencias meteorológicas comunes a los datos de superficie,302067,(Parámetros sinópticos adicionales),,008021,Significación temporal,"= 30 hora de ocurrencia, = 17 comienzo del fenómeno",,,Operational
02,Secuencias meteorológicas comunes a los datos de superficie,302067,(Parámetros sinópticos adicionales),,004025,Período o desplazamiento de tiempo,= -xx | 902tt,,,Operational
02,Secuencias meteorológicas comunes a los datos de superficie,302067,(Parámetros sinópticos adicionales),,011042,Velocidad máxima del viento (media de 10 minutos),912ff,,,Operational
02,Secuencias meteorológicas comunes a los datos de superficie,302067,(Parámetros sinópticos adicionales),,008021,Significación temporal,Fijar en faltante (anular),,,Operational
02,Secuencias meteorológicas comunes a los datos de superficie,302067,(Parámetros sinópticos adicionales),,115000,Repetición diferida de 15 descriptores,,,,Operational
02,Secuencias meteorológicas comunes a los datos de superficie,302067,(Parámetros sinópticos adicionales),,031001,Factor de repetición diferida del descriptor,,,,Operational
02,Secuencias meteorológicas comunes a los datos de superficie,302067,(Parámetros sinópticos adicionales),,008021,Significación temporal,"= 30 hora de ocurrencia, = 17 comienzo del fenómeno",,,Operational
02,Secuencias meteorológicas comunes a los datos de superficie,302067,(Parámetros sinópticos adicionales),,004015,Incremento de tiempo,0,,,Operational
02,Secuencias meteorológicas comunes a los datos de superficie,302067,(Parámetros sinópticos adicionales),,008021,Significación temporal,= 2 promediada en el,,,Operational
02,Secuencias meteorológicas comunes a los datos de superficie,302067,(Parámetros sinópticos adicionales),,004025,Período o desplazamiento de tiempo,"= -10 minutos, o número de minutos después de un cambio significativo del viento",,,Operational
02,Secuencias meteorológicas comunes a los datos de superficie,302067,(Parámetros sinópticos adicionales),,011001,Dirección del viento,915dd,,,Operational
02,Secuencias meteorológicas comunes a los datos de superficie,302067,(Parámetros sinópticos adicionales),,011002,Velocidad del viento,913ff,,,Operational
02,Secuencias meteorológicas comunes a los datos de superficie,302067,(Parámetros sinópticos adicionales),,008021,Significación temporal,= 22 hora de la aparición de un salto de viento,,,Operational
02,Secuencias meteorológicas comunes a los datos de superficie,302067,(Parámetros sinópticos adicionales),,004015,Incremento de tiempo,#REF!,,,Operational
02,Secuencias meteorológicas comunes a los datos de superficie,302067,(Parámetros sinópticos adicionales),,008021,Significación temporal,= 2 promediada en el tiempo,,,Operational
02,Secuencias meteorológicas comunes a los datos de superficie,302067,(Parámetros sinópticos adicionales),,004025,Período o desplazamiento de tiempo,"= -10 minutos, o número de minutos después de un cambio significativo del viento",,,Operational
02,Secuencias meteorológicas comunes a los datos de superficie,302067,(Parámetros sinópticos adicionales),,011001,Dirección del viento,915dd,,,Operational
02,Secuencias meteorológicas comunes a los datos de superficie,302067,(Parámetros sinópticos adicionales),,011002,Velocidad del viento,913ff,,,Operational
02,Secuencias meteorológicas comunes a los datos de superficie,302067,(Parámetros sinópticos adicionales),,008021,Significación temporal,Fijar en faltante (anular),,,Operational
02,Secuencias meteorológicas comunes a los datos de superficie,302067,(Parámetros sinópticos adicionales),,004025,Período o desplazamiento de tiempo,= 0 minutos,,,Operational
02,Secuencias meteorológicas comunes a los datos de superficie,302067,(Parámetros sinópticos adicionales),,004015,Incremento de tiempo,= +(xx1-xx2) | No negativo para reajustar el tiempo al tiempo efectivo,,,Operational
02,Secuencias meteorológicas comunes a los datos de superficie,302067,(Parámetros sinópticos adicionales),,103000,Repetición diferida de 3 descriptores,,,,Operational
02,Secuencias meteorológicas comunes a los datos de superficie,302067,(Parámetros sinópticos adicionales),,031001,Factor de repetición diferida del descriptor,,,,Operational
02,Secuencias meteorológicas comunes a los datos de superficie,302067,(Parámetros sinópticos adicionales),,004025,Período o desplazamiento de tiempo,#NAME?,,,Operational
02,Secuencias meteorológicas comunes a los datos de superficie,302067,(Parámetros sinópticos adicionales),,004025,Período o desplazamiento de tiempo,#NAME?,,,Operational
02,Secuencias meteorológicas comunes a los datos de superficie,302067,(Parámetros sinópticos adicionales),,020003,Tiempo presente,"962ww, 963w1w1, 964ww, 965w1w1, 966ww, 967w1w1",,,Operational
02,Secuencias meteorológicas comunes a los datos de superficie,302067,(Parámetros sinópticos adicionales),,110000,Repetición diferida de 10 descriptores,,,,Operational
02,Secuencias meteorológicas comunes a los datos de superficie,302067,(Parámetros sinópticos adicionales),,031001,Factor de repetición diferida del descriptor,,,,Operational
02,Secuencias meteorológicas comunes a los datos de superficie,302067,(Parámetros sinópticos adicionales),,004025,Período o desplazamiento de tiempo,#NAME?,,,Operational
02,Secuencias meteorológicas comunes a los datos de superficie,302067,(Parámetros sinópticos adicionales),,004025,Período o desplazamiento de tiempo,#NAME?,,,Operational
02,Secuencias meteorológicas comunes a los datos de superficie,302067,(Parámetros sinópticos adicionales),,005021,Rumbo o azimut,Da’ Dp,,,Operational
02,Secuencias meteorológicas comunes a los datos de superficie,302067,(Parámetros sinópticos adicionales),,005021,Rumbo o azimut,Da’ Dp,,,Operational
02,Secuencias meteorológicas comunes a los datos de superficie,302067,(Parámetros sinópticos adicionales),,020054,Dirección verdadera desde la cual se desplaza un fenómeno o nubes o en la cual se observan,Da’ Dp,,,Operational
02,Secuencias meteorológicas comunes a los datos de superficie,302067,(Parámetros sinópticos adicionales),,020024,Intensidad de los fenómenos,"= 1 ligero,",,,Operational
02,Secuencias meteorológicas comunes a los datos de superficie,302067,(Parámetros sinópticos adicionales),,020025,Oscurecimiento,,,,Operational
02,Secuencias meteorológicas comunes a los datos de superficie,302067,(Parámetros sinópticos adicionales),,020026,Carácter del oscurecimiento,,,,Operational
02,Secuencias meteorológicas comunes a los datos de superficie,302067,(Parámetros sinópticos adicionales),,020027,Ocurrencia de los fenómenos,,,,Operational
02,Secuencias meteorológicas comunes a los datos de superficie,302067,(Parámetros sinópticos adicionales),,020063,Fenómenos especiales,,,,Operational
02,Secuencias meteorológicas comunes a los datos de superficie,302069,(Datos de visibilidad),,007032,Altura del sensor sobre el suelo local (o la cubierta de la plataforma marina),,,,Operational
02,Secuencias meteorológicas comunes a los datos de superficie,302069,(Datos de visibilidad),,007033,Altura del sensor sobre la superficie del agua,,,,Operational
02,Secuencias meteorológicas comunes a los datos de superficie,302069,(Datos de visibilidad),,033041,Atributo del valor siguiente,,,,Operational
02,Secuencias meteorológicas comunes a los datos de superficie,302069,(Datos de visibilidad),,020001,Visibilidad horizontal,,,,Operational
02,Secuencias meteorológicas comunes a los datos de superficie,302070,(Datos de viento),,007032,Altura del sensor sobre el suelo local (o la cubierta de la plataforma marina),,,,Operational
02,Secuencias meteorológicas comunes a los datos de superficie,302070,(Datos de viento),,007033,Altura del sensor sobre la superficie del agua,,,,Operational
02,Secuencias meteorológicas comunes a los datos de superficie,302070,(Datos de viento),,011001,Dirección del viento,,,,Operational
02,Secuencias meteorológicas comunes a los datos de superficie,302070,(Datos de viento),,011002,Velocidad del viento,,,,Operational
02,Secuencias meteorológicas comunes a los datos de superficie,302070,(Datos de viento),,011043,Dirección de las ráfagas máximas del viento,,,,Operational
02,Secuencias meteorológicas comunes a los datos de superficie,302070,(Datos de viento),,011041,Velocidad de las ráfagas máximas del viento,,,,Operational
02,Secuencias meteorológicas comunes a los datos de superficie,302070,(Datos de viento),,011016,Dirección sinistrorsa extrema de un viento variable,,,,Operational
02,Secuencias meteorológicas comunes a los datos de superficie,302070,(Datos de viento),,011017,Dirección dextrorsa extrema de un viento variable,,,,Operational
02,Secuencias meteorológicas comunes a los datos de superficie,302071,(Datos del viento en un período de una hora),,007032,Altura del sensor sobre el suelo local (o la cubierta de la plataforma marina),,,,Operational
02,Secuencias meteorológicas comunes a los datos de superficie,302071,(Datos del viento en un período de una hora),,007033,Altura del sensor sobre la superficie del agua,,,,Operational
02,Secuencias meteorológicas comunes a los datos de superficie,302071,(Datos del viento en un período de una hora),,008021,Significación temporal,= 2 promediada en el tiempo,,,Operational
02,Secuencias meteorológicas comunes a los datos de superficie,302071,(Datos del viento en un período de una hora),,004025,Período o desplazamiento de tiempo,#NAME?,,,Operational
02,Secuencias meteorológicas comunes a los datos de superficie,302071,(Datos del viento en un período de una hora),,011001,Dirección del viento,,,,Operational
02,Secuencias meteorológicas comunes a los datos de superficie,302071,(Datos del viento en un período de una hora),,011002,Velocidad del viento,,,,Operational
02,Secuencias meteorológicas comunes a los datos de superficie,302071,(Datos del viento en un período de una hora),,008021,Significación temporal,Fijar en faltante,,,Operational
02,Secuencias meteorológicas comunes a los datos de superficie,302071,(Datos del viento en un período de una hora),,103002,Repetir 3 descriptores 2 veces,,,,Operational
02,Secuencias meteorológicas comunes a los datos de superficie,302071,(Datos del viento en un período de una hora),,004025,Período o desplazamiento de tiempo,"= –10 minutos en la primera repetición, = –60 minutos en la segunda repetición",,,Operational
02,Secuencias meteorológicas comunes a los datos de superficie,302071,(Datos del viento en un período de una hora),,011043,Dirección de las ráfagas máximas del viento,,,,Operational
02,Secuencias meteorológicas comunes a los datos de superficie,302071,(Datos del viento en un período de una hora),,011041,Velocidad de las ráfagas máximas del viento,,,,Operational
02,Secuencias meteorológicas comunes a los datos de superficie,302071,(Datos del viento en un período de una hora),,004025,Período o desplazamiento de tiempo,#NAME?,,,Operational
02,Secuencias meteorológicas comunes a los datos de superficie,302071,(Datos del viento en un período de una hora),,011016,Dirección sinistrorsa extrema de un viento variable,,,,Operational
02,Secuencias meteorológicas comunes a los datos de superficie,302071,(Datos del viento en un período de una hora),,011017,Dirección dextrorsa extrema de un viento variable,,,,Operational
02,Secuencias meteorológicas comunes a los datos de superficie,302072,(Datos de temperatura y humedad),,007032,Altura del sensor sobre el suelo local (o la cubierta de la plataforma marina),,,,Operational
02,Secuencias meteorológicas comunes a los datos de superficie,302072,(Datos de temperatura y humedad),,007033,Altura del sensor sobre la superficie del agua,,,,Operational
02,Secuencias meteorológicas comunes a los datos de superficie,302072,(Datos de temperatura y humedad),,012101,Temperatura/temperatura del aire,Escala: 2,,,Operational
02,Secuencias meteorológicas comunes a los datos de superficie,302072,(Datos de temperatura y humedad),,012103,Temperatura del punto de rocío,Escala: 2,,,Operational
02,Secuencias meteorológicas comunes a los datos de superficie,302072,(Datos de temperatura y humedad),,013003,Humedad relativa,,,,Operational
02,Secuencias meteorológicas comunes a los datos de superficie,302073,(Datos de nubes),,020010,Cubierta de nubes (total),,,,Operational
02,Secuencias meteorológicas comunes a los datos de superficie,302073,(Datos de nubes),,105004,Repetir 5 descriptores 4 veces,,,,Operational
02,Secuencias meteorológicas comunes a los datos de superficie,302073,(Datos de nubes),,008002,Significación vertical (observaciones en superficie),,,,Operational
02,Secuencias meteorológicas comunes a los datos de superficie,302073,(Datos de nubes),,020011,Nubosidad,,,,Operational
02,Secuencias meteorológicas comunes a los datos de superficie,302073,(Datos de nubes),,020012,Tipo de nubes,,,,Operational
02,Secuencias meteorológicas comunes a los datos de superficie,302073,(Datos de nubes),,033041,Atributo del valor siguiente,,,,Operational
02,Secuencias meteorológicas comunes a los datos de superficie,302073,(Datos de nubes),,020013,Altura de la base de las nubes,,,,Operational
02,Secuencias meteorológicas comunes a los datos de superficie,302074,(Tiempo presente y pasado),,020003,Tiempo presente,,,,Operational
02,Secuencias meteorológicas comunes a los datos de superficie,302074,(Tiempo presente y pasado),,004025,Período o desplazamiento de tiempo,,,,Operational
02,Secuencias meteorológicas comunes a los datos de superficie,302074,(Tiempo presente y pasado),,020004,Tiempo pasado (1),,,,Operational
02,Secuencias meteorológicas comunes a los datos de superficie,302074,(Tiempo presente y pasado),,020005,Tiempo pasado (2),,,,Operational
02,Secuencias meteorológicas comunes a los datos de superficie,302075,"(Intensidad de la precipitación, tamaño del elemento de precipitación)",,008021,Significación temporal,= 2 promediada en el tiempo,,,Operational
02,Secuencias meteorológicas comunes a los datos de superficie,302075,"(Intensidad de la precipitación, tamaño del elemento de precipitación)",,004025,Período o desplazamiento de tiempo,#NAME?,,,Operational
02,Secuencias meteorológicas comunes a los datos de superficie,302075,"(Intensidad de la precipitación, tamaño del elemento de precipitación)",,013055,Intensidad de la precipitación,,,,Operational
02,Secuencias meteorológicas comunes a los datos de superficie,302075,"(Intensidad de la precipitación, tamaño del elemento de precipitación)",,013058,Tamaño del elemento de precipitación,,,,Operational
02,Secuencias meteorológicas comunes a los datos de superficie,302075,"(Intensidad de la precipitación, tamaño del elemento de precipitación)",,008021,Significación temporal,Fijar en faltante,,,Operational
02,Secuencias meteorológicas comunes a los datos de superficie,302076,"(Precipitación, oscurecimiento y otros fenómenos)",,020021,Tipo de precipitación,,,,Operational
02,Secuencias meteorológicas comunes a los datos de superficie,302076,"(Precipitación, oscurecimiento y otros fenómenos)",,020022,Naturaleza de la precipitación,,,,Operational
02,Secuencias meteorológicas comunes a los datos de superficie,302076,"(Precipitación, oscurecimiento y otros fenómenos)",,026020,Duración de la precipitación,,,,Operational
02,Secuencias meteorológicas comunes a los datos de superficie,302076,"(Precipitación, oscurecimiento y otros fenómenos)",,020023,Otros fenómenos meteorológicos,,,,Operational
02,Secuencias meteorológicas comunes a los datos de superficie,302076,"(Precipitación, oscurecimiento y otros fenómenos)",,020024,Intensidad de los fenómenos,,,,Operational
02,Secuencias meteorológicas comunes a los datos de superficie,302076,"(Precipitación, oscurecimiento y otros fenómenos)",,020025,Oscurecimiento,,,,Operational
02,Secuencias meteorológicas comunes a los datos de superficie,302076,"(Precipitación, oscurecimiento y otros fenómenos)",,020026,Carácter del oscurecimiento,,,,Operational
02,Secuencias meteorológicas comunes a los datos de superficie,302077,(Datos de temperatura extrema),,007032,Altura del sensor sobre el suelo local (o la cubierta de la plataforma marina),,,,Operational
02,Secuencias meteorológicas comunes a los datos de superficie,302077,(Datos de temperatura extrema),,007033,Altura del sensor sobre la superficie del agua,,,,Operational
02,Secuencias meteorológicas comunes a los datos de superficie,302077,(Datos de temperatura extrema),,004025,Período o desplazamiento de tiempo,,,,Operational
02,Secuencias meteorológicas comunes a los datos de superficie,302077,(Datos de temperatura extrema),,012111,Temperatura máxima en altura y durante un período determinado,Escala: 2,,,Operational
02,Secuencias meteorológicas comunes a los datos de superficie,302077,(Datos de temperatura extrema),,012112,Temperatura mínima en altura y durante un período determinado,Escala: 2,,,Operational
02,Secuencias meteorológicas comunes a los datos de superficie,302077,(Datos de temperatura extrema),,007032,Altura del sensor sobre el suelo local (o la cubierta de la plataforma marina),Temperatura del suelo,,,Operational
02,Secuencias meteorológicas comunes a los datos de superficie,302077,(Datos de temperatura extrema),,004025,Período o desplazamiento de tiempo,,,,Operational
02,Secuencias meteorológicas comunes a los datos de superficie,302077,(Datos de temperatura extrema),,012112,Temperatura mínima en altura y durante un período determinado,Escala: 2 | Temperatura del suelo,,,Operational
02,Secuencias meteorológicas comunes a los datos de superficie,302078,(Medición del estado del suelo y del espesor de la nieve),,002176,Método de medición del estado del suelo,,,,Operational
02,Secuencias meteorológicas comunes a los datos de superficie,302078,(Medición del estado del suelo y del espesor de la nieve),,020062,Estado del suelo (con o sin nieve),,,,Operational
02,Secuencias meteorológicas comunes a los datos de superficie,302078,(Medición del estado del suelo y del espesor de la nieve),,002177,Método de medición del espesor de la nieve,,,,Operational
02,Secuencias meteorológicas comunes a los datos de superficie,302078,(Medición del estado del suelo y del espesor de la nieve),,013013,Espesor total de la nieve,,,,Operational
02,Secuencias meteorológicas comunes a los datos de superficie,302079,(Medición de la precipitación),,007032,Altura del sensor sobre el suelo local (o la cubierta de la plataforma marina),,,,Operational
02,Secuencias meteorológicas comunes a los datos de superficie,302079,(Medición de la precipitación),,002175,Método de medición de la precipitación,,,,Operational
02,Secuencias meteorológicas comunes a los datos de superficie,302079,(Medición de la precipitación),,002178,Método de medición del contenido líquido de la precipitación,,,,Operational
02,Secuencias meteorológicas comunes a los datos de superficie,302079,(Medición de la precipitación),,004025,Período o desplazamiento de tiempo,,,,Operational
02,Secuencias meteorológicas comunes a los datos de superficie,302079,(Medición de la precipitación),,013011,Precipitación total/equivalente total en agua,,,,Operational
02,Secuencias meteorológicas comunes a los datos de superficie,302080,(Medición de la evaporación),,002185,Método de medición de la evaporación,,,,Operational
02,Secuencias meteorológicas comunes a los datos de superficie,302080,(Medición de la evaporación),,004025,Período o desplazamiento de tiempo,,,,Operational
02,Secuencias meteorológicas comunes a los datos de superficie,302080,(Medición de la evaporación),,013033,Evaporación/evapotranspiración,,,,Operational
02,Secuencias meteorológicas comunes a los datos de superficie,302081,(Datos de insolación total),,004025,Período o desplazamiento de tiempo,,,,Operational
02,Secuencias meteorológicas comunes a los datos de superficie,302081,(Datos de insolación total),,014031,Insolación total,,,,Operational
02,Secuencias meteorológicas comunes a los datos de superficie,302082,(Datos de radiación),,004025,Período o desplazamiento de tiempo,,,,Operational
02,Secuencias meteorológicas comunes a los datos de superficie,302082,(Datos de radiación),,014002,"Radiación de onda larga, integrada en un período determinado",,,,Operational
02,Secuencias meteorológicas comunes a los datos de superficie,302082,(Datos de radiación),,014004,"Radiación de onda corta, integrada en un período determinado",,,,Operational
02,Secuencias meteorológicas comunes a los datos de superficie,302082,(Datos de radiación),,014016,"Radiación neta, integrada en un período determinado",,,,Operational
02,Secuencias meteorológicas comunes a los datos de superficie,302082,(Datos de radiación),,014028,"Radiación solar global (gran precisión), integrada en un período determinado",,,,Operational
02,Secuencias meteorológicas comunes a los datos de superficie,302082,(Datos de radiación),,014029,"Radiación solar difusa (gran precisión), integrada en un período determinado",,,,Operational
02,Secuencias meteorológicas comunes a los datos de superficie,302082,(Datos de radiación),,014030,"Radiación solar directa (gran precisión), integrada en un período determinado",,,,Operational
02,Secuencias meteorológicas comunes a los datos de superficie,302083,"(Datos de estadísticas de primer orden de datos P, W, T, U)",,004025,Período o desplazamiento de tiempo,,,,Operational
02,Secuencias meteorológicas comunes a los datos de superficie,302083,"(Datos de estadísticas de primer orden de datos P, W, T, U)",,008023,Estadísticas de primer orden,,,,Operational
02,Secuencias meteorológicas comunes a los datos de superficie,302083,"(Datos de estadísticas de primer orden de datos P, W, T, U)",,010004,Presión,,,,Operational
02,Secuencias meteorológicas comunes a los datos de superficie,302083,"(Datos de estadísticas de primer orden de datos P, W, T, U)",,011001,Dirección del viento,,,,Operational
02,Secuencias meteorológicas comunes a los datos de superficie,302083,"(Datos de estadísticas de primer orden de datos P, W, T, U)",,011002,Velocidad del viento,,,,Operational
02,Secuencias meteorológicas comunes a los datos de superficie,302083,"(Datos de estadísticas de primer orden de datos P, W, T, U)",,012101,Temperatura/temperatura del aire,Escala: 2,,,Operational
02,Secuencias meteorológicas comunes a los datos de superficie,302083,"(Datos de estadísticas de primer orden de datos P, W, T, U)",,013003,Humedad relativa,,,,Operational
02,Secuencias meteorológicas comunes a los datos de superficie,302083,"(Datos de estadísticas de primer orden de datos P, W, T, U)",,008023,Estadísticas de primer orden,Fijar en faltante,,,Operational
02,Secuencias meteorológicas comunes a los datos de superficie,302084,(Datos “instantáneos” de la secuencia 3 07 096),,302031,Información sobre la presión,,,,Operational
02,Secuencias meteorológicas comunes a los datos de superficie,302084,(Datos “instantáneos” de la secuencia 3 07 096),,302072,Datos de temperatura y humedad,,,,Operational
02,Secuencias meteorológicas comunes a los datos de superficie,302084,(Datos “instantáneos” de la secuencia 3 07 096),,103000,Repetición diferida de 3 descriptores,,,,Operational
02,Secuencias meteorológicas comunes a los datos de superficie,302084,(Datos “instantáneos” de la secuencia 3 07 096),,031000,Factor de repetición diferida del descriptor,,,,Operational
02,Secuencias meteorológicas comunes a los datos de superficie,302084,(Datos “instantáneos” de la secuencia 3 07 096),,101005,Repetir 1 descriptor 5 veces,,,,Operational
02,Secuencias meteorológicas comunes a los datos de superficie,302084,(Datos “instantáneos” de la secuencia 3 07 096),,307063,Profundidad por debajo de la superficie terrestre y temperatura del suelo,,,,Operational
02,Secuencias meteorológicas comunes a los datos de superficie,302084,(Datos “instantáneos” de la secuencia 3 07 096),,007061,Profundidad por debajo de la superficie terrestre,Fijar en faltante,,,Operational
02,Secuencias meteorológicas comunes a los datos de superficie,302084,(Datos “instantáneos” de la secuencia 3 07 096),,101000,Repetición diferida de 1 descriptor,,,,Operational
02,Secuencias meteorológicas comunes a los datos de superficie,302084,(Datos “instantáneos” de la secuencia 3 07 096),,031000,Factor de repetición ligeramente diferida del descriptor,,,,Operational
02,Secuencias meteorológicas comunes a los datos de superficie,302084,(Datos “instantáneos” de la secuencia 3 07 096),,302069,Datos de visibilidad,,,,Operational
02,Secuencias meteorológicas comunes a los datos de superficie,302084,(Datos “instantáneos” de la secuencia 3 07 096),,007032,Altura del sensor sobre el suelo local (o la cubierta de la plataforma marina),Fijar en faltante (anular),,,Operational
02,Secuencias meteorológicas comunes a los datos de superficie,302084,(Datos “instantáneos” de la secuencia 3 07 096),,007033,Altura del sensor sobre la superficie del agua,Fijar en faltante (anular),,,Operational
02,Secuencias meteorológicas comunes a los datos de superficie,302084,(Datos “instantáneos” de la secuencia 3 07 096),,105000,Repetición diferida de 5 descriptores,,,,Operational
02,Secuencias meteorológicas comunes a los datos de superficie,302084,(Datos “instantáneos” de la secuencia 3 07 096),,031000,Factor de repetición ligeramente diferida del descriptor,,,,Operational
02,Secuencias meteorológicas comunes a los datos de superficie,302084,(Datos “instantáneos” de la secuencia 3 07 096),,020031,Depósito de hielo (espesor),,,,Operational
02,Secuencias meteorológicas comunes a los datos de superficie,302084,(Datos “instantáneos” de la secuencia 3 07 096),,020032,Velocidad de acumulación del hielo (estimada),,,,Operational
02,Secuencias meteorológicas comunes a los datos de superficie,302084,(Datos “instantáneos” de la secuencia 3 07 096),,002038,Método de medición de la temperatura y/o la salinidad del agua,,,,Operational
02,Secuencias meteorológicas comunes a los datos de superficie,302084,(Datos “instantáneos” de la secuencia 3 07 096),,022043,Temperatura del mar/agua,Escala: 2,,,Operational
02,Secuencias meteorológicas comunes a los datos de superficie,302084,(Datos “instantáneos” de la secuencia 3 07 096),,302021,Olas,,,,Operational
02,Secuencias meteorológicas comunes a los datos de superficie,302084,(Datos “instantáneos” de la secuencia 3 07 096),,101000,Repetición diferida de 1 descriptor,,,,Operational
02,Secuencias meteorológicas comunes a los datos de superficie,302084,(Datos “instantáneos” de la secuencia 3 07 096),,031000,Factor de repetición diferida del descriptor,,,,Operational
02,Secuencias meteorológicas comunes a los datos de superficie,302084,(Datos “instantáneos” de la secuencia 3 07 096),,302078,Medición del estado del suelo y del espesor de la nieve,,,,Operational
02,Secuencias meteorológicas comunes a los datos de superficie,302084,(Datos “instantáneos” de la secuencia 3 07 096),,012113,Temperatura mínima del suelo en las 12 horas anteriores,Escala: 2,,,Operational
02,Secuencias meteorológicas comunes a los datos de superficie,302084,(Datos “instantáneos” de la secuencia 3 07 096),,101000,Repetición diferida de 1 descriptor,,,,Operational
02,Secuencias meteorológicas comunes a los datos de superficie,302084,(Datos “instantáneos” de la secuencia 3 07 096),,031000,Factor de repetición ligeramente diferida del descriptor,,,,Operational
02,Secuencias meteorológicas comunes a los datos de superficie,302084,(Datos “instantáneos” de la secuencia 3 07 096),,302004,Información general sobre nubes,,,,Operational
02,Secuencias meteorológicas comunes a los datos de superficie,302084,(Datos “instantáneos” de la secuencia 3 07 096),,105000,Repetición diferida de 5 descriptores,,,,Operational
02,Secuencias meteorológicas comunes a los datos de superficie,302084,(Datos “instantáneos” de la secuencia 3 07 096),,031001,Factor de repetición ligeramente diferida del descriptor,,,,Operational
02,Secuencias meteorológicas comunes a los datos de superficie,302084,(Datos “instantáneos” de la secuencia 3 07 096),,008002,Significación vertical (observaciones en superficie),,,,Operational
02,Secuencias meteorológicas comunes a los datos de superficie,302084,(Datos “instantáneos” de la secuencia 3 07 096),,020011,Nubosidad,,,,Operational
02,Secuencias meteorológicas comunes a los datos de superficie,302084,(Datos “instantáneos” de la secuencia 3 07 096),,020012,Tipo de nubes,,,,Operational
02,Secuencias meteorológicas comunes a los datos de superficie,302084,(Datos “instantáneos” de la secuencia 3 07 096),,033041,Atributo del valor siguiente,,,,Operational
02,Secuencias meteorológicas comunes a los datos de superficie,302084,(Datos “instantáneos” de la secuencia 3 07 096),,020013,Altura de la base de las nubes,,,,Operational
02,Secuencias meteorológicas comunes a los datos de superficie,302084,(Datos “instantáneos” de la secuencia 3 07 096),,302036,Nubes con bases por debajo del nivel de la estación,,,,Operational
02,Secuencias meteorológicas comunes a los datos de superficie,302084,(Datos “instantáneos” de la secuencia 3 07 096),,101000,Repetición diferida de 1 descriptor,,,,Operational
02,Secuencias meteorológicas comunes a los datos de superficie,302084,(Datos “instantáneos” de la secuencia 3 07 096),,031000,Factor de repetición ligeramente diferida del descriptor,,,,Operational
02,Secuencias meteorológicas comunes a los datos de superficie,302084,(Datos “instantáneos” de la secuencia 3 07 096),,302047,Dirección de deriva de las nubes,,,,Operational
02,Secuencias meteorológicas comunes a los datos de superficie,302084,(Datos “instantáneos” de la secuencia 3 07 096),,008002,Significación vertical (observaciones en superficie),Fijar en faltante (anular),,,Operational
02,Secuencias meteorológicas comunes a los datos de superficie,302084,(Datos “instantáneos” de la secuencia 3 07 096),,101000,Repetición diferida de 1 descriptor,,,,Operational
02,Secuencias meteorológicas comunes a los datos de superficie,302084,(Datos “instantáneos” de la secuencia 3 07 096),,031000,Factor de repetición ligeramente diferida del descriptor,,,,Operational
02,Secuencias meteorológicas comunes a los datos de superficie,302084,(Datos “instantáneos” de la secuencia 3 07 096),,302048,Dirección y elevación de las nubes,,,,Operational
02,Secuencias meteorológicas comunes a los datos de superficie,302085,(Dato “de período” de la secuencia 3 07 096),,105000,Repetición diferida de 5 descriptores,,,,Operational
02,Secuencias meteorológicas comunes a los datos de superficie,302085,(Dato “de período” de la secuencia 3 07 096),,031000,Factor de repetición ligeramente diferida del descriptor,,,,Operational
02,Secuencias meteorológicas comunes a los datos de superficie,302085,(Dato “de período” de la secuencia 3 07 096),,020003,Tiempo presente,,,,Operational
02,Secuencias meteorológicas comunes a los datos de superficie,302085,(Dato “de período” de la secuencia 3 07 096),,103002,Repetir 3 descriptores 2 veces,,,,Operational
02,Secuencias meteorológicas comunes a los datos de superficie,302085,(Dato “de período” de la secuencia 3 07 096),,004024,Período o desplazamiento de tiempo,"= -1 hora en la primera repetición, = -x horas en la segunda repetición, donde x corresponde al período de tiempo de W1W2 en el informe SYNOP",,,Operational
02,Secuencias meteorológicas comunes a los datos de superficie,302085,(Dato “de período” de la secuencia 3 07 096),,020004,Tiempo pasado (1),,,,Operational
02,Secuencias meteorológicas comunes a los datos de superficie,302085,(Dato “de período” de la secuencia 3 07 096),,020005,Tiempo pasado (2),,,,Operational
02,Secuencias meteorológicas comunes a los datos de superficie,302085,(Dato “de período” de la secuencia 3 07 096),,101000,Repetición diferida de 1 descriptor,,,,Operational
02,Secuencias meteorológicas comunes a los datos de superficie,302085,(Dato “de período” de la secuencia 3 07 096),,031000,Factor de repetición ligeramente diferida del descriptor,,,,Operational
02,Secuencias meteorológicas comunes a los datos de superficie,302085,(Dato “de período” de la secuencia 3 07 096),,302175,"Intensidad de la precipitación, tamaño del elemento de precipitación",,,,Operational
02,Secuencias meteorológicas comunes a los datos de superficie,302085,(Dato “de período” de la secuencia 3 07 096),,102000,Repetición diferida de 2 descriptores,,,,Operational
02,Secuencias meteorológicas comunes a los datos de superficie,302085,(Dato “de período” de la secuencia 3 07 096),,031000,Factor de repetición ligeramente diferida del descriptor,,,,Operational
02,Secuencias meteorológicas comunes a los datos de superficie,302085,(Dato “de período” de la secuencia 3 07 096),,004025,Período o desplazamiento de tiempo,#NAME?,,,Operational
02,Secuencias meteorológicas comunes a los datos de superficie,302085,(Dato “de período” de la secuencia 3 07 096),,302076,"Precipitación, oscurecimiento y otros fenómenos",,,,Operational
02,Secuencias meteorológicas comunes a los datos de superficie,302085,(Dato “de período” de la secuencia 3 07 096),,102000,Repetición diferida de 2 descriptores,,,,Operational
02,Secuencias meteorológicas comunes a los datos de superficie,302085,(Dato “de período” de la secuencia 3 07 096),,031000,Factor de repetición ligeramente diferida del descriptor,,,,Operational
02,Secuencias meteorológicas comunes a los datos de superficie,302085,(Dato “de período” de la secuencia 3 07 096),,004025,Período o desplazamiento de tiempo,#NAME?,,,Operational
02,Secuencias meteorológicas comunes a los datos de superficie,302085,(Dato “de período” de la secuencia 3 07 096),,013059,Número de relámpagos (tormenta),,,,Operational
02,Secuencias meteorológicas comunes a los datos de superficie,302085,(Dato “de período” de la secuencia 3 07 096),,007032,Altura del sensor sobre el suelo local (o la cubierta de la plataforma marina),,,,Operational
02,Secuencias meteorológicas comunes a los datos de superficie,302085,(Dato “de período” de la secuencia 3 07 096),,007033,Altura del sensor sobre la superficie del agua,,,,Operational
02,Secuencias meteorológicas comunes a los datos de superficie,302085,(Dato “de período” de la secuencia 3 07 096),,008021,Significación temporal,= 2 promediada en el tiempo,,,Operational
02,Secuencias meteorológicas comunes a los datos de superficie,302085,(Dato “de período” de la secuencia 3 07 096),,004025,Período o desplazamiento de tiempo,"tiempo= - 10 minutos, o número de minutos tras un cambio significativo de viento",,,Operational
02,Secuencias meteorológicas comunes a los datos de superficie,302085,(Dato “de período” de la secuencia 3 07 096),,011001,Dirección del viento,,,,Operational
02,Secuencias meteorológicas comunes a los datos de superficie,302085,(Dato “de período” de la secuencia 3 07 096),,011002,Velocidad del viento,,,,Operational
02,Secuencias meteorológicas comunes a los datos de superficie,302085,(Dato “de período” de la secuencia 3 07 096),,008021,Significación temporal,Fijar en faltante,,,Operational
02,Secuencias meteorológicas comunes a los datos de superficie,302085,(Dato “de período” de la secuencia 3 07 096),,103003,Repetir 3 descriptores 3 veces,,,,Operational
02,Secuencias meteorológicas comunes a los datos de superficie,302085,(Dato “de período” de la secuencia 3 07 096),,004025,Período o desplazamiento de tiempo,Véase la columna de la izquierda,,,Operational
02,Secuencias meteorológicas comunes a los datos de superficie,302085,(Dato “de período” de la secuencia 3 07 096),,011043,Dirección de las ráfagas máximas de viento,,,,Operational
02,Secuencias meteorológicas comunes a los datos de superficie,302085,(Dato “de período” de la secuencia 3 07 096),,011041,Velocidad de las ráfagas máximas de viento,,,,Operational
02,Secuencias meteorológicas comunes a los datos de superficie,302085,(Dato “de período” de la secuencia 3 07 096),,004025,Período o desplazamiento de tiempo,#NAME?,,,Operational
02,Secuencias meteorológicas comunes a los datos de superficie,302085,(Dato “de período” de la secuencia 3 07 096),,011016,Dirección sinistrorsa extrema de un viento variable,,,,Operational
02,Secuencias meteorológicas comunes a los datos de superficie,302085,(Dato “de período” de la secuencia 3 07 096),,011017,Dirección dextrorsa extrema de un viento variable,,,,Operational
02,Secuencias meteorológicas comunes a los datos de superficie,302085,(Dato “de período” de la secuencia 3 07 096),,302077,Datos de temperatura extrema,,,,Operational
02,Secuencias meteorológicas comunes a los datos de superficie,302085,(Dato “de período” de la secuencia 3 07 096),,007033,Altura del sensor sobre la superficie del agua,Fijar en faltante (anular),,,Operational
02,Secuencias meteorológicas comunes a los datos de superficie,302085,(Dato “de período” de la secuencia 3 07 096),,302041,Datos de temperatura extrema,,,,Operational
02,Secuencias meteorológicas comunes a los datos de superficie,302085,(Dato “de período” de la secuencia 3 07 096),,106000,Repetición diferida de 6 descriptores,,,,Operational
02,Secuencias meteorológicas comunes a los datos de superficie,302085,(Dato “de período” de la secuencia 3 07 096),,031000,Factor de repetición ligeramente diferida del descriptor,,,,Operational
02,Secuencias meteorológicas comunes a los datos de superficie,302085,(Dato “de período” de la secuencia 3 07 096),,007032,Altura del sensor sobre el suelo local (o la cubierta de la plataforma marina),,,,Operational
02,Secuencias meteorológicas comunes a los datos de superficie,302085,(Dato “de período” de la secuencia 3 07 096),,002175,Método de medición de la precipitación,,,,Operational
02,Secuencias meteorológicas comunes a los datos de superficie,302085,(Dato “de período” de la secuencia 3 07 096),,002178,Método de medición del contenido líquido de la precipitación,,,,Operational
02,Secuencias meteorológicas comunes a los datos de superficie,302085,(Dato “de período” de la secuencia 3 07 096),,102005,Repetir 2 descriptores 5 veces,,,,Operational
02,Secuencias meteorológicas comunes a los datos de superficie,302085,(Dato “de período” de la secuencia 3 07 096),,004024,Período o desplazamiento de tiempo,"= -1 en la primera repetición, = -3, -6, -12 y -24 horas en las demás repeticiones",,,Operational
02,Secuencias meteorológicas comunes a los datos de superficie,302085,(Dato “de período” de la secuencia 3 07 096),,013011,Precipitación total/equivalente total en agua,,,,Operational
02,Secuencias meteorológicas comunes a los datos de superficie,302085,(Dato “de período” de la secuencia 3 07 096),,007032,Altura del sensor sobre el suelo local (o la cubierta de la plataforma marina),Fijar en faltante (anular),,,Operational
02,Secuencias meteorológicas comunes a los datos de superficie,302085,(Dato “de período” de la secuencia 3 07 096),,103000,Repetición diferida de 3 descriptores,,,,Operational
02,Secuencias meteorológicas comunes a los datos de superficie,302085,(Dato “de período” de la secuencia 3 07 096),,031000,Factor de repetición ligeramente diferida del descriptor,,,,Operational
02,Secuencias meteorológicas comunes a los datos de superficie,302085,(Dato “de período” de la secuencia 3 07 096),,002185,Método de medición de la evaporación,,,,Operational
02,Secuencias meteorológicas comunes a los datos de superficie,302085,(Dato “de período” de la secuencia 3 07 096),,101002,Repetir 1 descriptor 2 veces,,,,Operational
02,Secuencias meteorológicas comunes a los datos de superficie,302085,(Dato “de período” de la secuencia 3 07 096),,302044,Datos de evaporación,,,,Operational
02,Secuencias meteorológicas comunes a los datos de superficie,302085,(Dato “de período” de la secuencia 3 07 096),,102000,Repetición diferida de 2 descriptores,,,,Operational
02,Secuencias meteorológicas comunes a los datos de superficie,302085,(Dato “de período” de la secuencia 3 07 096),,031000,Factor de repetición ligeramente diferida del descriptor,,,,Operational
02,Secuencias meteorológicas comunes a los datos de superficie,302085,(Dato “de período” de la secuencia 3 07 096),,101002,Repetir 1 descriptor 2 veces,,,,Operational
02,Secuencias meteorológicas comunes a los datos de superficie,302085,(Dato “de período” de la secuencia 3 07 096),,302039,Datos de insolación (de 1 hora a períodos de 24 horas),,,,Operational
02,Secuencias meteorológicas comunes a los datos de superficie,302085,(Dato “de período” de la secuencia 3 07 096),,102000,Repetición diferida de 2 descriptores,,,,Operational
02,Secuencias meteorológicas comunes a los datos de superficie,302085,(Dato “de período” de la secuencia 3 07 096),,031000,Factor de repetición ligeramente diferida del descriptor,,,,Operational
02,Secuencias meteorológicas comunes a los datos de superficie,302085,(Dato “de período” de la secuencia 3 07 096),,101002,Repetir 1 descriptor 2 veces,,,,Operational
02,Secuencias meteorológicas comunes a los datos de superficie,302085,(Dato “de período” de la secuencia 3 07 096),,302045,Datos de radiación (de 1 hora a períodos de 24 horas),,,,Operational
02,Secuencias meteorológicas comunes a los datos de superficie,302085,(Dato “de período” de la secuencia 3 07 096),,101000,Repetición diferida de 1 descriptor,,,,Operational
02,Secuencias meteorológicas comunes a los datos de superficie,302085,(Dato “de período” de la secuencia 3 07 096),,031000,Factor de repetición diferida del descriptor,,,,Operational
02,Secuencias meteorológicas comunes a los datos de superficie,302085,(Dato “de período” de la secuencia 3 07 096),,302046,Cambio de temperatura,,,,Operational
02,Secuencias meteorológicas comunes a los datos de superficie,302085,(Dato “de período” de la secuencia 3 07 096),"Estadísticas de primer orden de los datos P, W, T, U",101000,Repetición diferida de 1 descriptor,,,,Operational
02,Secuencias meteorológicas comunes a los datos de superficie,302085,(Dato “de período” de la secuencia 3 07 096),"Estadísticas de primer orden de los datos P, W, T, U",031000,Factor de repetición ligeramente diferida del descriptor,,,,Operational
02,Secuencias meteorológicas comunes a los datos de superficie,302085,(Dato “de período” de la secuencia 3 07 096),"Estadísticas de primer orden de los datos P, W, T, U",302083,"Estadísticas de primer orden de los datos P, W, T, U",,,,Operational
02,Secuencias meteorológicas comunes a los datos de superficie,302089,(Información sobre langostas),,020101,Nombre de la langosta (acrídido),Ln,,,Operational
02,Secuencias meteorológicas comunes a los datos de superficie,302089,(Información sobre langostas),,020102,Color de la langosta (adulta),Lc,,,Operational
02,Secuencias meteorológicas comunes a los datos de superficie,302089,(Información sobre langostas),,020103,Fase de desarrollo de las langostas,Ld,,,Operational
02,Secuencias meteorológicas comunes a los datos de superficie,302089,(Información sobre langostas),,020104,Estado de organización del enjambre o banda de langostas,Lg,,,Operational
02,Secuencias meteorológicas comunes a los datos de superficie,302089,(Información sobre langostas),,020105,Tamaño del enjambre o banda de langostas y duración del paso del enjambre,sL,,,Operational
02,Secuencias meteorológicas comunes a los datos de superficie,302089,(Información sobre langostas),,020106,Densidad de población de las langostas,dL,,,Operational
02,Secuencias meteorológicas comunes a los datos de superficie,302089,(Información sobre langostas),,020107,Dirección de movimiento del enjambre de langostas,DL,,,Operational
02,Secuencias meteorológicas comunes a los datos de superficie,302089,(Información sobre langostas),,020108,Extensión de la vegetación,ve,,,Operational
02,Secuencias meteorológicas comunes a los datos de superficie,302090,"(Temperatura del mar/agua, gran precisión)",,002038,Método de medición de la temperatura y/o la salinidad del agua,,,,Operational
02,Secuencias meteorológicas comunes a los datos de superficie,302090,"(Temperatura del mar/agua, gran precisión)",,007063,Profundidad por debajo de la superficie del mar/ agua (cm),Medición de la temperatura en la superficie del mar,,,Operational
02,Secuencias meteorológicas comunes a los datos de superficie,302090,"(Temperatura del mar/agua, gran precisión)",,022045,Temperatura del mar/agua,,,,Operational
02,Secuencias meteorológicas comunes a los datos de superficie,302091,(Secuencia para la representación de observaciones meteorológicas complementarias),,020001,Visibilidad horizontal,,,,Operational
02,Secuencias meteorológicas comunes a los datos de superficie,302091,(Secuencia para la representación de observaciones meteorológicas complementarias),,004024,Período o desplazamiento de tiempo,,,,Operational
02,Secuencias meteorológicas comunes a los datos de superficie,302091,(Secuencia para la representación de observaciones meteorológicas complementarias),,013011,Precipitación total/equivalente total en agua,,,,Operational
02,Secuencias meteorológicas comunes a los datos de superficie,302092,(Elementos de datos VOSClim),,011104,"Rumbo verdadero de la aeronave, buque u otra plataforma móvil",Rumbo verdadero del buque,,,Operational
02,Secuencias meteorológicas comunes a los datos de superficie,302092,(Elementos de datos VOSClim),,001012,Dirección del movimiento de la plataforma de observación móvil,Ruta del buque sobre el suelo,,,Operational
02,Secuencias meteorológicas comunes a los datos de superficie,302092,(Elementos de datos VOSClim),,001013,Velocidad del movimiento de la plataforma de observación móvil,Velocidad del buque sobre el suelo,,,Operational
02,Secuencias meteorológicas comunes a los datos de superficie,302092,(Elementos de datos VOSClim),,010038,Altura máxima de carga en cubierta sobre la línea de carga de verano,,,,Operational
02,Secuencias meteorológicas comunes a los datos de superficie,302092,(Elementos de datos VOSClim),,010039,Desviación del nivel de referencia (línea de carga máxima de verano) a partir del nivel del mar real,,,,Operational
02,Secuencias meteorológicas comunes a los datos de superficie,302092,(Elementos de datos VOSClim),,011007,Dirección relativa del viento (en grados de desviación respecto a la proa),,,,Operational
02,Secuencias meteorológicas comunes a los datos de superficie,302092,(Elementos de datos VOSClim),,011008,Velocidad relativa del viento,,,,Operational
02,Secuencias meteorológicas comunes a los datos de superficie,302093,(Datos ampliados de temperatura y humedad desde buques),,007032,Altura del sensor sobre el suelo local (o la cubierta de la plataforma marina),,,,Operational
02,Secuencias meteorológicas comunes a los datos de superficie,302093,(Datos ampliados de temperatura y humedad desde buques),,007033,Altura del sensor sobre la superficie del agua,,,,Operational
02,Secuencias meteorológicas comunes a los datos de superficie,302093,(Datos ampliados de temperatura y humedad desde buques),,303099,Metadatos comunes a los sensores de,,,,Operational
02,Secuencias meteorológicas comunes a los datos de superficie,302093,(Datos ampliados de temperatura y humedad desde buques),,012101,Temperatura/temperatura del aire,,,,Operational
02,Secuencias meteorológicas comunes a los datos de superficie,302093,(Datos ampliados de temperatura y humedad desde buques),,103000,Repetición diferida de 3 descriptores,,,,Operational
02,Secuencias meteorológicas comunes a los datos de superficie,302093,(Datos ampliados de temperatura y humedad desde buques),,031000,Factor de repetición ligeramente diferida del descriptor,"Fijar en 0 si no hay cambios respecto de los valores anteriores, en 1 si hay cambios",,,Operational
02,Secuencias meteorológicas comunes a los datos de superficie,302093,(Datos ampliados de temperatura y humedad desde buques),,007032,Altura del sensor sobre el suelo local (o la cubierta de la plataforma marina),,,,Operational
02,Secuencias meteorológicas comunes a los datos de superficie,302093,(Datos ampliados de temperatura y humedad desde buques),,007033,Altura del sensor sobre la superficie del agua,,,,Operational
02,Secuencias meteorológicas comunes a los datos de superficie,302093,(Datos ampliados de temperatura y humedad desde buques),,303099,Metadatos comunes a los sensores de temperatura/humedad,,,,Operational
02,Secuencias meteorológicas comunes a los datos de superficie,302093,(Datos ampliados de temperatura y humedad desde buques),,002039,Método de medición de la temperatura con termómetro de bulbo húmedo,,,,Operational
02,Secuencias meteorológicas comunes a los datos de superficie,302093,(Datos ampliados de temperatura y humedad desde buques),,002097,Tipo de sensor de humedad,,,,Operational
02,Secuencias meteorológicas comunes a los datos de superficie,302093,(Datos ampliados de temperatura y humedad desde buques),,003024,Coeficiente psicrométrico,Fijar en faltante si el tipo de sensor de humedad no es psicrométrico,,,Operational
02,Secuencias meteorológicas comunes a los datos de superficie,302093,(Datos ampliados de temperatura y humedad desde buques),,003021,Calefacción del higrómetro,,,,Operational
02,Secuencias meteorológicas comunes a los datos de superficie,302093,(Datos ampliados de temperatura y humedad desde buques),,012102,Temperatura de bulbo húmedo,,,,Operational
02,Secuencias meteorológicas comunes a los datos de superficie,302093,(Datos ampliados de temperatura y humedad desde buques),,012103,Temperatura del punto de rocío,,,,Operational
02,Secuencias meteorológicas comunes a los datos de superficie,302093,(Datos ampliados de temperatura y humedad desde buques),,013003,Humedad relativa,,,,Operational
02,Secuencias meteorológicas comunes a los datos de superficie,302093,(Datos ampliados de temperatura y humedad desde buques),,007032,Altura del sensor sobre el suelo local (o la cubierta de la plataforma marina),Fijar en faltante (anular),,,Operational
02,Secuencias meteorológicas comunes a los datos de superficie,302093,(Datos ampliados de temperatura y humedad desde buques),,007033,Altura del sensor sobre la superficie del agua,Fijar en faltante (anular),,,Operational
02,Secuencias meteorológicas comunes a los datos de superficie,302093,(Datos ampliados de temperatura y humedad desde buques),,303099,Metadatos comunes a los sensores de temperatura/humedad,Fijar en faltante todos los elementos de la secuencia (anular),,,Operational
02,Secuencias meteorológicas comunes a los datos de superficie,302093,(Datos ampliados de temperatura y humedad desde buques),,002039,Método de medición de la temperatura con termómetro de bulbo húmedo,Fijar en faltante (anular),,,Operational
02,Secuencias meteorológicas comunes a los datos de superficie,302093,(Datos ampliados de temperatura y humedad desde buques),,002097,Tipo de sensor de humedad,Fijar en faltante (anular),,,Operational
02,Secuencias meteorológicas comunes a los datos de superficie,302093,(Datos ampliados de temperatura y humedad desde buques),,003021,Calefacción del higrómetro,Fijar en faltante (anular),,,Operational
02,Secuencias meteorológicas comunes a los datos de superficie,302093,(Datos ampliados de temperatura y humedad desde buques),,003024,Coeficiente psicrométrico,Fijar en faltante (anular),,,Operational
02,Secuencias meteorológicas comunes a los datos de superficie,302175,"(Intensidad de la precipitación, tamaño del elemento de precipitación)",,008021,Significación temporal,,,,
02,Secuencias meteorológicas comunes a los datos de superficie,302175,"(Intensidad de la precipitación, tamaño del elemento de precipitación)",,004025,Período o desplazamiento de tiempo,,,,
02,Secuencias meteorológicas comunes a los datos de superficie,302175,"(Intensidad de la precipitación, tamaño del elemento de precipitación)",,013155,Intensidad de la precipitación (gran exactitud),,,,Operational
02,Secuencias meteorológicas comunes a los datos de superficie,302175,"(Intensidad de la precipitación, tamaño del elemento de precipitación)",,013058,Tamaño del elemento de precipitación,,,,Operational
02,Secuencias meteorológicas comunes a los datos de superficie,302175,"(Intensidad de la precipitación, tamaño del elemento de precipitación)",,008021,Significación temporal,,,,Operational
